2057	3893	0
2057	3894	0
2058	3886	0
2058	3887	0
2058	3891	0
2058	3892	0
2058	3893	0
2058	3894	0
2058	3895	0
2058	3896	0
2058	3897	0
2059	3881	0
2059	3882	0
2059	3883	0
2059	3884	0
2059	3885	0
2059	3886	0
2059	3887	0
2059	3888	0
2059	3889	0
2059	3890	0
2059	3891	0
2059	3892	0
2059	3893	0
2059	3894	0
2059	3895	0
2059	3896	0
2059	3897	0
2059	3898	0
2059	3899	0
2060	3878	0
2060	3879	0
2060	3880	0
2060	3881	0
2060	3882	0
2060	3883	0
2060	3884	0
2060	3885	0
2060	3886	0
2060	3887	0
2060	3888	0
2060	3889	0
2060	3890	0
2060	3891	0
2060	3892	0
2060	3893	0
2060	3894	0
2060	3895	0
2060	3896	0
2060	3897	0
2060	3898	0
2061	3876	0
2061	3877	0
2061	3878	0
2061	3879	0
2061	3880	0
2061	3881	0
2061	3882	0
2061	3883	0
2061	3884	0
2061	3885	0
2061	3886	0
2061	3887	0
2061	3888	0
2061	3889	0
2061	3890	0
2061	3891	0
2061	3892	0
2061	3893	0
2061	3894	0
2061	3895	0
2061	3896	0
2061	3905	0
2061	3906	0
2061	3907	0
2061	3908	0
2061	3909	0
2061	3910	0
2061	3911	0
2061	3912	0
2061	3913	0
2061	3914	0
2061	3915	0
2061	3916	0
2061	3917	0
2062	3874	0
2062	3875	0
2062	3876	0
2062	3877	0
2062	3878	0
2062	3879	0
2062	3880	0
2062	3881	0
2062	3882	0
2062	3883	0
2062	3884	0
2062	3885	0
2062	3886	0
2062	3887	0
2062	3888	0
2062	3889	0
2062	3890	0
2062	3891	0
2062	3892	0
2062	3893	0
2062	3894	0
2062	3904	0
2062	3905	0
2062	3906	0
2062	3907	0
2062	3915	0
2062	3916	0
2062	3917	0
2062	3918	0
2063	3872	0
2063	3873	0
2063	3874	0
2063	3875	0
2063	3876	0
2063	3877	0
2063	3878	0
2063	3879	0
2063	3880	0
2063	3881	0
2063	3882	0
2063	3883	0
2063	3884	0
2063	3885	0
2063	3886	0
2063	3887	0
2063	3888	0
2063	3889	0
2063	3890	0
2063	3891	0
2063	3892	0
2063	3901	0
2063	3902	0
2063	3903	0
2063	3904	0
2063	3905	0
2063	3918	0
2064	3872	0
2064	3873	0
2064	3874	0
2064	3875	0
2064	3878	0
2064	3879	0
2064	3880	0
2064	3881	0
2064	3882	0
2064	3883	0
2064	3884	0
2064	3885	0
2064	3886	0
2064	3887	0
2064	3888	0
2064	3889	0
2064	3890	0
2064	3899	0
2064	3900	0
2064	3901	0
2064	3902	0
2064	3903	0
2064	3904	0
2065	3872	0
2065	3873	0
2065	3874	0
2065	3875	0
2065	3878	0
2065	3879	0
2065	3880	0
2065	3881	0
2065	3882	0
2065	3883	0
2065	3884	0
2065	3885	0
2065	3886	0
2065	3887	0
2065	3888	0
2065	3889	0
2065	3897	0
2065	3898	0
2065	3899	0
2065	3900	0
2065	3901	0
2066	3873	0
2066	3874	0
2066	3875	0
2066	3876	0
2066	3877	0
2066	3878	0
2066	3879	0
2066	3880	0
2066	3881	0
2066	3882	0
2066	3883	0
2066	3884	0
2066	3885	0
2066	3886	0
2066	3887	0
2066	3888	0
2066	3895	0
2066	3896	0
2066	3897	0
2066	3898	0
2066	3899	0
2067	3874	0
2067	3875	0
2067	3876	0
2067	3877	0
2067	3878	0
2067	3879	0
2067	3880	0
2067	3881	0
2067	3882	0
2067	3883	0
2067	3884	0
2067	3885	0
2067	3894	0
2067	3895	0
2067	3896	0
2067	3897	0
2068	3874	0
2068	3875	0
2068	3876	0
2068	3877	0
2068	3878	0
2068	3879	0
2068	3880	0
2068	3881	0
2068	3882	0
2068	3883	0
2068	3884	0
2068	3885	0
2068	3893	0
2068	3894	0
2068	3895	0
2069	3874	0
2069	3875	0
2069	3876	0
2069	3877	0
2069	3878	0
2069	3879	0
2069	3880	0
2069	3881	0
2069	3882	0
2069	3883	0
2069	3884	0
2069	3885	0
2069	3886	0
2069	3892	0
2069	3893	0
2070	3874	0
2070	3875	0
2070	3876	0
2070	3877	0
2070	3878	0
2070	3879	0
2070	3880	0
2070	3881	0
2070	3882	0
2070	3883	0
2070	3884	0
2070	3885	0
2070	3886	0
2070	3891	0
2070	3892	0
2071	3873	0
2071	3874	0
2071	3875	0
2071	3876	0
2071	3877	0
2071	3878	0
2071	3879	0
2071	3880	0
2071	3881	0
2071	3882	0
2071	3883	0
2071	3884	0
2071	3885	0
2071	3886	0
2071	3887	0
2071	3888	0
2071	3889	0
2071	3890	0
2071	3891	0
2071	3892	0
2072	3873	0
2072	3874	0
2072	3875	0
2072	3876	0
2072	3877	0
2072	3878	0
2072	3879	0
2072	3880	0
2072	3881	0
2072	3882	0
2072	3883	0
2072	3884	0
2072	3885	0
2072	3886	0
2072	3887	0
2072	3888	0
2072	3889	0
2072	3890	0
2072	3891	0
2073	3864	0
2073	3865	0
2073	3866	0
2073	3873	0
2073	3874	0
2073	3875	0
2073	3876	0
2073	3877	0
2073	3878	0
2073	3879	0
2073	3880	0
2073	3884	0
2073	3885	0
2073	3886	0
2073	3887	0
2073	3888	0
2073	3889	0
2073	3890	0
2073	3891	0
2074	3863	0
2074	3864	0
2074	3865	0
2074	3866	0
2074	3867	0
2074	3873	0
2074	3874	0
2074	3875	0
2074	3876	0
2074	3877	0
2074	3878	0
2074	3879	0
2074	3880	0
2074	3884	0
2074	3885	0
2074	3886	0
2074	3887	0
2074	3888	0
2074	3889	0
2074	3890	0
2075	3862	0
2075	3863	0
2075	3864	0
2075	3865	0
2075	3866	0
2075	3867	0
2075	3868	0
2075	3874	0
2075	3875	0
2075	3876	0
2075	3877	0
2075	3878	0
2075	3879	0
2075	3880	0
2075	3884	0
2075	3885	0
2075	3886	0
2075	3887	0
2075	3888	0
2075	3889	0
2075	3890	0
2076	3862	0
2076	3863	0
2076	3864	0
2076	3865	0
2076	3866	0
2076	3867	0
2076	3868	0
2076	3869	0
2076	3876	0
2076	3877	0
2076	3878	0
2076	3879	0
2076	3880	0
2076	3881	0
2076	3882	0
2076	3883	0
2076	3884	0
2076	3885	0
2076	3886	0
2076	3887	0
2076	3888	0
2076	3889	0
2077	3861	0
2077	3862	0
2077	3863	0
2077	3864	0
2077	3865	0
2077	3866	0
2077	3867	0
2077	3868	0
2077	3869	0
2077	3877	0
2077	3878	0
2077	3879	0
2077	3880	0
2077	3881	0
2077	3882	0
2077	3883	0
2077	3884	0
2077	3885	0
2077	3886	0
2077	3887	0
2077	3888	0
2077	3889	0
2078	3860	0
2078	3861	0
2078	3862	0
2078	3863	0
2078	3864	0
2078	3865	0
2078	3866	0
2078	3867	0
2078	3868	0
2078	3869	0
2078	3870	0
2078	3878	0
2078	3879	0
2078	3880	0
2078	3881	0
2078	3882	0
2078	3883	0
2078	3884	0
2078	3885	0
2078	3886	0
2078	3887	0
2078	3888	0
2079	3859	0
2079	3860	0
2079	3861	0
2079	3862	0
2079	3863	0
2079	3864	0
2079	3865	0
2079	3866	0
2079	3867	0
2079	3868	0
2079	3869	0
2079	3870	0
2079	3871	0
2079	3878	0
2079	3879	0
2079	3880	0
2079	3881	0
2079	3882	0
2079	3883	0
2079	3884	0
2079	3885	0
2079	3886	0
2079	3887	0
2079	3888	0
2080	3859	0
2080	3860	0
2080	3861	0
2080	3862	0
2080	3863	0
2080	3864	0
2080	3865	0
2080	3866	0
2080	3867	0
2080	3868	0
2080	3869	0
2080	3870	0
2080	3871	0
2080	3872	0
2080	3873	0
2080	3874	0
2080	3878	0
2080	3879	0
2080	3880	0
2080	3881	0
2080	3882	0
2080	3883	0
2080	3884	0
2080	3885	0
2080	3886	0
2080	3887	0
2081	3858	0
2081	3859	0
2081	3860	0
2081	3861	0
2081	3862	0
2081	3863	0
2081	3864	0
2081	3865	0
2081	3866	0
2081	3867	0
2081	3868	0
2081	3869	0
2081	3870	0
2081	3871	0
2081	3872	0
2081	3873	0
2081	3874	0
2081	3875	0
2081	3879	0
2081	3880	0
2081	3881	0
2081	3882	0
2081	3883	0
2081	3884	0
2081	3885	0
2081	3886	0
2081	3887	0
2082	3858	0
2082	3859	0
2082	3860	0
2082	3861	0
2082	3862	0
2082	3863	0
2082	3864	0
2082	3865	0
2082	3866	0
2082	3867	0
2082	3868	0
2082	3869	0
2082	3870	0
2082	3871	0
2082	3872	0
2082	3873	0
2082	3874	0
2082	3875	0
2082	3876	0
2082	3877	0
2082	3878	0
2082	3879	0
2082	3880	0
2082	3881	0
2082	3882	0
2082	3883	0
2082	3884	0
2082	3885	0
2082	3886	0
2083	3858	0
2083	3859	0
2083	3860	0
2083	3861	0
2083	3862	0
2083	3863	0
2083	3864	0
2083	3865	0
2083	3866	0
2083	3867	0
2083	3868	0
2083	3869	0
2083	3870	0
2083	3871	0
2083	3872	0
2083	3873	0
2083	3874	0
2083	3875	0
2083	3876	0
2083	3877	0
2083	3878	0
2083	3879	0
2083	3880	0
2083	3881	0
2083	3882	0
2083	3883	0
2083	3884	0
2083	3885	0
2083	3886	0
2084	3858	0
2084	3859	0
2084	3860	0
2084	3861	0
2084	3862	0
2084	3863	0
2084	3864	0
2084	3865	0
2084	3866	0
2084	3867	0
2084	3868	0
2084	3869	0
2084	3870	0
2084	3871	0
2084	3872	0
2084	3873	0
2084	3874	0
2084	3879	0
2084	3880	0
2084	3881	0
2084	3882	0
2084	3883	0
2085	3858	0
2085	3859	0
2085	3860	0
2085	3861	0
2085	3862	0
2085	3863	0
2085	3864	0
2085	3865	0
2085	3866	0
2085	3867	0
2085	3868	0
2085	3869	0
2085	3870	0
2085	3871	0
2085	3872	0
2085	3873	0
2085	3874	0
2085	3879	0
2085	3882	0
2085	3883	0
2086	3857	0
2086	3858	0
2086	3859	0
2086	3860	0
2086	3861	0
2086	3862	0
2086	3863	0
2086	3864	0
2086	3865	0
2086	3866	0
2086	3867	0
2086	3879	0
2086	3882	0
2086	3883	0
2087	3857	0
2087	3858	0
2087	3859	0
2087	3860	0
2087	3861	0
2087	3862	0
2087	3863	0
2087	3864	0
2087	3865	0
2087	3866	0
2087	3867	0
2087	3879	0
2087	3880	0
2087	3881	0
2087	3882	0
2088	3856	0
2088	3857	0
2088	3858	0
2088	3859	0
2088	3860	0
2088	3861	0
2088	3862	0
2088	3863	0
2088	3864	0
2088	3865	0
2088	3866	0
2088	3867	0
2089	3855	0
2089	3856	0
2089	3857	0
2089	3858	0
2089	3859	0
2089	3860	0
2089	3861	0
2089	3862	0
2089	3863	0
2089	3864	0
2089	3865	0
2089	3866	0
2089	3867	0
2090	3855	0
2090	3856	0
2090	3857	0
2090	3858	0
2090	3859	0
2090	3860	0
2090	3861	0
2090	3862	0
2090	3863	0
2090	3864	0
2090	3865	0
2090	3866	0
2090	3867	0
2091	3855	0
2091	3856	0
2091	3857	0
2091	3858	0
2091	3859	0
2091	3860	0
2091	3861	0
2091	3862	0
2091	3863	0
2091	3864	0
2091	3865	0
2091	3866	0
2091	3867	0
2092	3855	0
2092	3856	0
2092	3857	0
2092	3858	0
2092	3859	0
2092	3860	0
2092	3861	0
2092	3862	0
2092	3863	0
2092	3864	0
2092	3865	0
2092	3866	0
2092	3867	0
2093	3855	0
2093	3856	0
2093	3857	0
2093	3858	0
2093	3859	0
2093	3860	0
2093	3861	0
2093	3862	0
2093	3863	0
2093	3864	0
2093	3865	0
2093	3866	0
2093	3867	0
2093	3868	0
2094	3857	0
2094	3858	0
2094	3859	0
2094	3860	0
2094	3861	0
2094	3862	0
2094	3863	0
2094	3864	0
2094	3865	0
2094	3866	0
2094	3867	0
2094	3868	0
2094	3869	0
2095	3859	0
2095	3860	0
2095	3861	0
2095	3862	0
2095	3863	0
2095	3864	0
2095	3865	0
2095	3866	0
2095	3867	0
2095	3868	0
2095	3869	0
2095	3870	0
2095	3875	0
2096	3859	0
2096	3860	0
2096	3861	0
2096	3862	0
2096	3863	0
2096	3864	0
2096	3865	0
2096	3866	0
2096	3867	0
2096	3868	0
2096	3869	0
2096	3870	0
2096	3875	0
2096	3876	0
2096	3877	0
2097	3859	0
2097	3860	0
2097	3861	0
2097	3862	0
2097	3863	0
2097	3864	0
2097	3865	0
2097	3866	0
2097	3867	0
2097	3868	0
2097	3869	0
2097	3870	0
2097	3874	0
2097	3875	0
2097	3876	0
2098	3859	0
2098	3860	0
2098	3861	0
2098	3862	0
2098	3863	0
2098	3864	0
2098	3865	0
2098	3866	0
2098	3867	0
2098	3868	0
2098	3869	0
2098	3870	0
2098	3874	0
2098	3875	0
2098	3876	0
2099	3859	0
2099	3860	0
2099	3861	0
2099	3862	0
2099	3863	0
2099	3864	0
2099	3865	0
2099	3866	0
2099	3867	0
2099	3868	0
2099	3869	0
2099	3870	0
2099	3873	0
2099	3874	0
2099	3875	0
2099	3876	0
2100	3859	0
2100	3860	0
2100	3861	0
2100	3862	0
2100	3863	0
2100	3864	0
2100	3865	0
2100	3866	0
2100	3867	0
2100	3868	0
2100	3869	0
2100	3870	0
2100	3871	0
2100	3872	0
2100	3873	0
2100	3874	0
2100	3875	0
2100	3876	0
2101	3858	0
2101	3859	0
2101	3860	0
2101	3861	0
2101	3862	0
2101	3863	0
2101	3864	0
2101	3865	0
2101	3866	0
2101	3867	0
2101	3868	0
2101	3869	0
2101	3870	0
2101	3871	0
2101	3872	0
2101	3873	0
2101	3874	0
2101	3875	0
2101	3876	0
2101	3877	0
2101	3878	0
2102	3858	0
2102	3859	0
2102	3860	0
2102	3861	0
2102	3862	0
2102	3863	0
2102	3864	0
2102	3865	0
2102	3866	0
2102	3867	0
2102	3868	0
2102	3869	0
2102	3870	0
2102	3871	0
2102	3872	0
2102	3873	0
2102	3874	0
2102	3875	0
2102	3876	0
2102	3877	0
2102	3878	0
2103	3858	0
2103	3859	0
2103	3860	0
2103	3861	0
2103	3862	0
2103	3863	0
2103	3864	0
2103	3865	0
2103	3866	0
2103	3867	0
2103	3868	0
2103	3869	0
2103	3870	0
2103	3871	0
2103	3872	0
2103	3873	0
2103	3874	0
2103	3875	0
2103	3876	0
2103	3877	0
2104	3858	0
2104	3859	0
2104	3860	0
2104	3861	0
2104	3862	0
2104	3863	0
2104	3864	0
2104	3865	0
2104	3866	0
2104	3867	0
2104	3868	0
2104	3869	0
2104	3870	0
2104	3871	0
2104	3872	0
2104	3873	0
2104	3874	0
2104	3875	0
2104	3876	0
2105	3858	0
2105	3859	0
2105	3860	0
2105	3861	0
2105	3862	0
2105	3863	0
2105	3864	0
2105	3865	0
2105	3866	0
2105	3867	0
2105	3868	0
2105	3869	0
2105	3870	0
2105	3871	0
2105	3872	0
2105	3873	0
2105	3874	0
2105	3875	0
2106	3858	0
2106	3859	0
2106	3860	0
2106	3861	0
2106	3862	0
2106	3863	0
2106	3864	0
2106	3865	0
2106	3866	0
2106	3867	0
2106	3868	0
2106	3869	0
2106	3870	0
2106	3871	0
2106	3872	0
2106	3873	0
2106	3874	0
2107	3858	0
2107	3859	0
2107	3860	0
2107	3861	0
2107	3862	0
2107	3863	0
2107	3864	0
2107	3865	0
2107	3866	0
2107	3867	0
2107	3868	0
2107	3869	0
2107	3870	0
2107	3871	0
2107	3872	0
2107	3873	0
2108	3858	0
2108	3859	0
2108	3860	0
2108	3861	0
2108	3862	0
2108	3863	0
2108	3864	0
2108	3865	0
2108	3866	0
2108	3867	0
2108	3868	0
2108	3869	0
2108	3870	0
2108	3871	0
2108	3872	0
2108	3873	0
2109	3857	0
2109	3858	0
2109	3859	0
2109	3860	0
2109	3861	0
2109	3862	0
2109	3863	0
2109	3864	0
2109	3865	0
2109	3866	0
2109	3867	0
2109	3868	0
2109	3869	0
2109	3870	0
2109	3871	0
2109	3872	0
2110	3855	0
2110	3856	0
2110	3857	0
2110	3858	0
2110	3859	0
2110	3860	0
2110	3861	0
2110	3862	0
2110	3863	0
2110	3864	0
2110	3865	0
2110	3866	0
2110	3867	0
2110	3868	0
2110	3869	0
2110	3870	0
2111	3855	0
2111	3856	0
2111	3857	0
2111	3858	0
2111	3859	0
2111	3860	0
2111	3861	0
2111	3862	0
2111	3863	0
2111	3864	0
2111	3865	0
2111	3866	0
2111	3867	0
2111	3868	0
2111	3869	0
2111	3870	0
2112	3855	0
2112	3856	0
2112	3857	0
2112	3858	0
2112	3859	0
2112	3860	0
2112	3861	0
2112	3862	0
2112	3863	0
2112	3864	0
2112	3865	0
2112	3866	0
2112	3867	0
2112	3868	0
2112	3869	0
2112	3870	0
2113	3855	0
2113	3856	0
2113	3857	0
2113	3858	0
2113	3859	0
2113	3860	0
2113	3861	0
2113	3862	0
2113	3863	0
2113	3864	0
2113	3865	0
2113	3866	0
2113	3867	0
2113	3868	0
2113	3869	0
2113	3870	0
2114	3855	0
2114	3856	0
2114	3857	0
2114	3858	0
2114	3859	0
2114	3860	0
2114	3861	0
2114	3862	0
2114	3863	0
2114	3864	0
2114	3865	0
2114	3866	0
2114	3867	0
2114	3868	0
2114	3869	0
2115	3855	0
2115	3856	0
2115	3857	0
2115	3858	0
2115	3859	0
2115	3860	0
2115	3861	0
2115	3862	0
2115	3863	0
2115	3864	0
2115	3865	0
2115	3866	0
2115	3867	0
2115	3868	0
2116	3855	0
2116	3856	0
2116	3857	0
2116	3858	0
2116	3859	0
2116	3860	0
2116	3861	0
2116	3862	0
2116	3863	0
2116	3864	0
2116	3865	0
2116	3866	0
2117	3855	0
2117	3856	0
2117	3857	0
2117	3858	0
2117	3859	0
2117	3860	0
2117	3861	0
2117	3862	0
2117	3863	0
2117	3864	0
2117	3865	0
2118	3855	0
2118	3856	0
2118	3857	0
2118	3858	0
2118	3859	0
2118	3860	0
2118	3861	0
2118	3862	0
2118	3863	0
2118	3864	0
2119	3855	0
2119	3856	0
2119	3857	0
2119	3858	0
2119	3859	0
2119	3860	0
2119	3861	0
2119	3862	0
2119	3863	0
2119	3864	0
2120	3855	0
2120	3856	0
2120	3857	0
2120	3858	0
2120	3859	0
2120	3860	0
2120	3861	0
2120	3862	0
2120	3863	0
2120	3864	0
2063	3908	0
2063	3909	0
2063	3910	0
2063	3911	0
2063	3912	0
2063	3913	0
2063	3914	0
2063	3919	0
2064	3906	0
2064	3907	0
2064	3908	0
2064	3909	0
2064	3910	0
2064	3911	0
2064	3912	0
2064	3913	0
2064	3914	0
2064	3915	0
2064	3916	0
2064	3917	0
2064	3919	0
2064	3920	0
2065	3905	0
2065	3906	0
2065	3907	0
2065	3910	0
2065	3911	0
2065	3912	0
2065	3915	0
2065	3916	0
2065	3917	0
2065	3919	0
2065	3920	0
2065	3921	0
2065	3922	0
2065	3923	0
2065	3924	0
2066	3903	0
2066	3904	0
2066	3905	0
2066	3906	0
2066	3912	0
2066	3916	0
2066	3917	0
2066	3918	0
2066	3920	0
2066	3921	0
2066	3922	0
2066	3923	0
2066	3924	0
2066	3925	0
2067	3901	0
2067	3902	0
2067	3903	0
2067	3904	0
2067	3905	0
2067	3906	0
2067	3916	0
2067	3917	0
2067	3918	0
2067	3919	0
2067	3925	0
2067	3926	0
2068	3899	0
2068	3900	0
2068	3901	0
2068	3902	0
2068	3903	0
2068	3904	0
2068	3905	0
2068	3906	0
2068	3907	0
2068	3915	0
2068	3916	0
2068	3917	0
2068	3918	0
2068	3919	0
2068	3920	0
2068	3921	0
2068	3922	0
2068	3923	0
2068	3924	0
2068	3926	0
2068	3927	0
2069	3897	0
2069	3898	0
2069	3899	0
2069	3900	0
2069	3901	0
2069	3902	0
2069	3903	0
2069	3904	0
2069	3905	0
2069	3906	0
2069	3907	0
2069	3916	0
2069	3917	0
2069	3918	0
2069	3921	0
2069	3923	0
2069	3924	0
2069	3925	0
2069	3927	0
2069	3928	0
2070	3895	0
2070	3896	0
2070	3897	0
2070	3898	0
2070	3899	0
2070	3900	0
2070	3901	0
2070	3902	0
2070	3903	0
2070	3904	0
2070	3905	0
2070	3906	0
2070	3907	0
2070	3915	0
2070	3916	0
2070	3917	0
2070	3918	0
2070	3924	0
2070	3925	0
2070	3926	0
2070	3928	0
2070	3929	0
2070	3930	0
2071	3894	0
2071	3895	0
2071	3896	0
2071	3898	0
2071	3900	0
2071	3901	0
2071	3902	0
2071	3903	0
2071	3904	0
2071	3905	0
2071	3916	0
2071	3917	0
2071	3923	0
2071	3924	0
2071	3925	0
2071	3926	0
2071	3928	0
2071	3929	0
2071	3930	0
2071	3931	0
2071	3932	0
2071	3933	0
2072	3894	0
2072	3895	0
2072	3900	0
2072	3901	0
2072	3903	0
2072	3904	0
2072	3905	0
2072	3906	0
2072	3907	0
2072	3916	0
2072	3917	0
2072	3918	0
2072	3924	0
2072	3925	0
2072	3926	0
2072	3932	0
2072	3933	0
2073	3893	0
2073	3894	0
2073	3895	0
2073	3896	0
2073	3900	0
2073	3901	0
2073	3902	0
2073	3903	0
2073	3904	0
2073	3905	0
2073	3906	0
2073	3907	0
2073	3908	0
2073	3916	0
2073	3917	0
2073	3923	0
2073	3924	0
2073	3925	0
2073	3926	0
2073	3927	0
2073	3928	0
2073	3929	0
2073	3930	0
2073	3931	0
2073	3933	0
2073	3934	0
2074	3893	0
2074	3894	0
2074	3895	0
2074	3896	0
2074	3900	0
2074	3901	0
2074	3903	0
2074	3904	0
2074	3905	0
2074	3906	0
2074	3908	0
2074	3915	0
2074	3916	0
2074	3917	0
2074	3918	0
2074	3924	0
2074	3925	0
2074	3926	0
2074	3927	0
2074	3928	0
2074	3929	0
2074	3930	0
2074	3931	0
2074	3932	0
2074	3934	0
2074	3935	0
2075	3892	0
2075	3893	0
2075	3894	0
2075	3895	0
2075	3900	0
2075	3901	0
2075	3902	0
2075	3903	0
2075	3904	0
2075	3905	0
2075	3906	0
2075	3916	0
2075	3917	0
2075	3918	0
2075	3924	0
2075	3925	0
2075	3926	0
2075	3928	0
2075	3929	0
2075	3930	0
2075	3931	0
2075	3932	0
2075	3933	0
2075	3935	0
2075	3936	0
2076	3892	0
2076	3893	0
2076	3894	0
2076	3895	0
2076	3900	0
2076	3901	0
2076	3903	0
2076	3904	0
2076	3905	0
2076	3906	0
2076	3916	0
2076	3917	0
2076	3918	0
2076	3919	0
2076	3920	0
2076	3921	0
2076	3922	0
2076	3923	0
2076	3924	0
2076	3925	0
2076	3926	0
2076	3927	0
2076	3928	0
2076	3929	0
2076	3930	0
2076	3931	0
2076	3932	0
2076	3933	0
2076	3935	0
2076	3936	0
2077	3891	0
2077	3892	0
2077	3893	0
2077	3894	0
2077	3895	0
2077	3896	0
2077	3899	0
2077	3900	0
2077	3901	0
2077	3902	0
2077	3903	0
2077	3904	0
2077	3905	0
2077	3906	0
2077	3907	0
2077	3915	0
2077	3916	0
2077	3917	0
2077	3918	0
2077	3919	0
2077	3920	0
2077	3921	0
2077	3923	0
2077	3924	0
2077	3925	0
2077	3926	0
2077	3927	0
2077	3928	0
2077	3929	0
2077	3930	0
2077	3931	0
2077	3932	0
2077	3933	0
2077	3935	0
2077	3936	0
2078	3891	0
2078	3892	0
2078	3893	0
2078	3894	0
2078	3895	0
2078	3896	0
2078	3897	0
2078	3898	0
2078	3899	0
2078	3900	0
2078	3901	0
2078	3902	0
2078	3903	0
2078	3904	0
2078	3905	0
2078	3906	0
2078	3916	0
2078	3917	0
2078	3918	0
2078	3919	0
2078	3920	0
2078	3921	0
2078	3922	0
2078	3923	0
2078	3924	0
2078	3925	0
2078	3926	0
2078	3928	0
2078	3929	0
2078	3930	0
2078	3931	0
2078	3932	0
2078	3933	0
2078	3934	0
2078	3936	0
2079	3890	0
2079	3891	0
2079	3898	0
2079	3899	0
2079	3900	0
2079	3901	0
2079	3902	0
2079	3903	0
2079	3904	0
2079	3905	0
2079	3906	0
2079	3907	0
2079	3908	0
2079	3909	0
2079	3915	0
2079	3916	0
2079	3917	0
2079	3918	0
2079	3919	0
2079	3920	0
2079	3921	0
2079	3922	0
2079	3923	0
2079	3924	0
2079	3925	0
2079	3926	0
2079	3927	0
2079	3928	0
2079	3929	0
2079	3930	0
2079	3931	0
2079	3932	0
2079	3933	0
2079	3934	0
2079	3936	0
2080	3890	0
2080	3898	0
2080	3900	0
2080	3901	0
2080	3902	0
2080	3903	0
2080	3904	0
2080	3905	0
2080	3906	0
2080	3907	0
2080	3908	0
2080	3916	0
2080	3917	0
2080	3918	0
2080	3919	0
2080	3920	0
2080	3921	0
2080	3922	0
2080	3923	0
2080	3924	0
2080	3925	0
2080	3926	0
2080	3927	0
2080	3928	0
2080	3929	0
2080	3930	0
2080	3931	0
2080	3932	0
2080	3933	0
2080	3934	0
2080	3936	0
2081	3889	0
2081	3890	0
2081	3898	0
2081	3899	0
2081	3900	0
2081	3901	0
2081	3902	0
2081	3903	0
2081	3904	0
2081	3905	0
2081	3906	0
2081	3907	0
2081	3908	0
2081	3909	0
2081	3916	0
2081	3917	0
2081	3918	0
2081	3920	0
2081	3923	0
2081	3924	0
2081	3925	0
2081	3926	0
2081	3928	0
2081	3929	0
2081	3930	0
2081	3931	0
2081	3932	0
2081	3933	0
2081	3934	0
2081	3936	0
2082	3889	0
2082	3890	0
2082	3898	0
2082	3899	0
2082	3900	0
2082	3901	0
2082	3902	0
2082	3903	0
2082	3904	0
2082	3905	0
2082	3906	0
2082	3907	0
2082	3908	0
2082	3909	0
2082	3910	0
2082	3911	0
2082	3913	0
2082	3915	0
2082	3916	0
2082	3917	0
2082	3919	0
2082	3920	0
2082	3925	0
2082	3926	0
2082	3927	0
2082	3928	0
2082	3929	0
2082	3930	0
2082	3931	0
2082	3932	0
2082	3933	0
2082	3934	0
2082	3936	0
2083	3888	0
2083	3889	0
2083	3890	0
2083	3891	0
2083	3900	0
2083	3901	0
2083	3902	0
2083	3903	0
2083	3904	0
2083	3905	0
2083	3906	0
2083	3907	0
2083	3908	0
2083	3909	0
2083	3910	0
2083	3911	0
2083	3912	0
2083	3913	0
2083	3914	0
2083	3915	0
2083	3916	0
2083	3917	0
2083	3918	0
2083	3919	0
2083	3920	0
2083	3923	0
2083	3924	0
2083	3925	0
2083	3926	0
2083	3927	0
2083	3928	0
2083	3929	0
2083	3930	0
2083	3931	0
2083	3932	0
2083	3933	0
2083	3934	0
2083	3936	0
2084	3888	0
2084	3889	0
2084	3890	0
2084	3901	0
2084	3902	0
2084	3903	0
2084	3904	0
2084	3905	0
2084	3906	0
2084	3907	0
2084	3908	0
2084	3909	0
2084	3910	0
2084	3911	0
2084	3912	0
2084	3913	0
2084	3914	0
2084	3915	0
2084	3916	0
2084	3917	0
2084	3919	0
2084	3920	0
2084	3925	0
2084	3926	0
2084	3928	0
2084	3929	0
2084	3930	0
2084	3931	0
2084	3932	0
2084	3933	0
2084	3934	0
2084	3936	0
2085	3888	0
2085	3889	0
2085	3890	0
2085	3891	0
2085	3899	0
2085	3900	0
2085	3901	0
2085	3902	0
2085	3903	0
2085	3906	0
2085	3909	0
2085	3910	0
2085	3911	0
2085	3912	0
2085	3913	0
2085	3914	0
2085	3916	0
2085	3917	0
2085	3918	0
2085	3919	0
2085	3920	0
2085	3923	0
2085	3924	0
2085	3925	0
2085	3926	0
2085	3927	0
2085	3928	0
2085	3929	0
2085	3930	0
2085	3931	0
2085	3932	0
2085	3933	0
2085	3934	0
2085	3936	0
2086	3888	0
2086	3898	0
2086	3899	0
2086	3900	0
2086	3901	0
2086	3902	0
2086	3910	0
2086	3911	0
2086	3912	0
2086	3913	0
2086	3914	0
2086	3915	0
2086	3916	0
2086	3917	0
2086	3918	0
2086	3919	0
2086	3920	0
2086	3921	0
2086	3922	0
2086	3923	0
2086	3924	0
2086	3925	0
2086	3926	0
2086	3927	0
2086	3928	0
2086	3929	0
2086	3930	0
2086	3931	0
2086	3932	0
2086	3933	0
2086	3934	0
2086	3936	0
2086	3937	0
2087	3898	0
2087	3899	0
2087	3900	0
2087	3901	0
2087	3902	0
2087	3910	0
2087	3911	0
2087	3912	0
2087	3913	0
2087	3914	0
2087	3915	0
2087	3916	0
2087	3917	0
2087	3918	0
2087	3919	0
2087	3920	0
2087	3921	0
2087	3922	0
2087	3923	0
2087	3924	0
2087	3925	0
2087	3926	0
2087	3928	0
2087	3929	0
2087	3930	0
2087	3931	0
2087	3932	0
2087	3933	0
2087	3934	0
2087	3936	0
2087	3937	0
2087	3938	0
2087	3939	0
2088	3893	0
2088	3894	0
2088	3895	0
2088	3896	0
2088	3897	0
2088	3898	0
2088	3900	0
2088	3901	0
2088	3902	0
2088	3903	0
2088	3910	0
2088	3911	0
2088	3912	0
2088	3913	0
2088	3914	0
2088	3915	0
2088	3916	0
2088	3918	0
2088	3922	0
2088	3923	0
2088	3924	0
2088	3925	0
2088	3926	0
2088	3927	0
2088	3928	0
2088	3929	0
2088	3930	0
2088	3931	0
2088	3932	0
2088	3933	0
2088	3934	0
2088	3935	0
2088	3937	0
2088	3938	0
2088	3939	0
2089	3893	0
2089	3894	0
2089	3895	0
2089	3896	0
2089	3897	0
2089	3901	0
2089	3902	0
2089	3911	0
2089	3912	0
2089	3913	0
2089	3914	0
2089	3915	0
2089	3922	0
2089	3923	0
2089	3924	0
2089	3925	0
2089	3926	0
2089	3927	0
2089	3928	0
2089	3929	0
2089	3930	0
2089	3931	0
2089	3932	0
2089	3933	0
2089	3934	0
2089	3935	0
2089	3937	0
2089	3938	0
2089	3939	0
2089	3940	0
2090	3893	0
2090	3894	0
2090	3895	0
2090	3897	0
2090	3898	0
2090	3901	0
2090	3902	0
2090	3911	0
2090	3912	0
2090	3913	0
2090	3914	0
2090	3915	0
2090	3924	0
2090	3925	0
2090	3926	0
2090	3928	0
2090	3929	0
2090	3930	0
2090	3931	0
2090	3932	0
2090	3933	0
2090	3934	0
2090	3935	0
2090	3937	0
2090	3938	0
2090	3939	0
2090	3940	0
2090	3941	0
2090	3942	0
2091	3888	0
2091	3889	0
2091	3894	0
2091	3895	0
2091	3901	0
2091	3902	0
2091	3903	0
2091	3909	0
2091	3910	0
2091	3911	0
2091	3912	0
2091	3913	0
2091	3914	0
2091	3915	0
2091	3916	0
2091	3924	0
2091	3925	0
2091	3926	0
2091	3927	0
2091	3928	0
2091	3929	0
2091	3930	0
2091	3931	0
2091	3932	0
2091	3933	0
2091	3934	0
2091	3935	0
2091	3937	0
2091	3938	0
2091	3939	0
2091	3940	0
2091	3941	0
2091	3942	0
2091	3943	0
2091	3944	0
2091	3945	0
2091	3946	0
2092	3889	0
2092	3890	0
2092	3894	0
2092	3895	0
2092	3902	0
2092	3903	0
2092	3904	0
2092	3905	0
2092	3906	0
2092	3907	0
2092	3908	0
2092	3909	0
2092	3910	0
2092	3911	0
2092	3912	0
2092	3913	0
2092	3914	0
2092	3915	0
2092	3916	0
2092	3922	0
2092	3923	0
2092	3924	0
2092	3925	0
2092	3926	0
2092	3927	0
2092	3928	0
2092	3929	0
2092	3930	0
2092	3931	0
2092	3932	0
2092	3933	0
2092	3934	0
2092	3936	0
2092	3937	0
2092	3938	0
2092	3939	0
2092	3940	0
2092	3941	0
2092	3942	0
2092	3943	0
2092	3944	0
2092	3945	0
2092	3946	0
2093	3889	0
2093	3890	0
2093	3892	0
2093	3894	0
2093	3895	0
2093	3897	0
2093	3898	0
2093	3900	0
2093	3901	0
2093	3902	0
2093	3903	0
2093	3904	0
2093	3906	0
2093	3910	0
2093	3911	0
2093	3912	0
2093	3913	0
2093	3914	0
2093	3915	0
2093	3916	0
2093	3918	0
2093	3921	0
2093	3922	0
2093	3923	0
2093	3924	0
2093	3925	0
2093	3926	0
2093	3927	0
2093	3928	0
2093	3929	0
2093	3930	0
2093	3931	0
2093	3932	0
2093	3933	0
2093	3934	0
2093	3936	0
2093	3937	0
2093	3938	0
2093	3939	0
2093	3940	0
2093	3941	0
2093	3942	0
2093	3943	0
2093	3944	0
2093	3945	0
2093	3946	0
2094	3890	0
2094	3891	0
2094	3892	0
2094	3893	0
2094	3894	0
2094	3895	0
2094	3896	0
2094	3897	0
2094	3898	0
2094	3899	0
2094	3900	0
2094	3901	0
2094	3902	0
2094	3903	0
2094	3910	0
2094	3911	0
2094	3912	0
2094	3913	0
2094	3914	0
2094	3915	0
2094	3916	0
2094	3917	0
2094	3918	0
2094	3919	0
2094	3920	0
2094	3921	0
2094	3922	0
2094	3923	0
2094	3924	0
2094	3925	0
2094	3926	0
2094	3928	0
2094	3929	0
2094	3930	0
2094	3931	0
2094	3932	0
2094	3933	0
2094	3934	0
2094	3936	0
2094	3937	0
2094	3938	0
2094	3939	0
2094	3940	0
2094	3941	0
2094	3942	0
2094	3943	0
2094	3944	0
2094	3945	0
2094	3946	0
2095	3890	0
2095	3891	0
2095	3892	0
2095	3893	0
2095	3894	0
2095	3895	0
2095	3896	0
2095	3897	0
2095	3898	0
2095	3899	0
2095	3900	0
2095	3901	0
2095	3902	0
2095	3903	0
2095	3909	0
2095	3910	0
2095	3912	0
2095	3913	0
2095	3914	0
2095	3915	0
2095	3916	0
2095	3917	0
2095	3918	0
2095	3919	0
2095	3920	0
2095	3921	0
2095	3922	0
2095	3923	0
2095	3924	0
2095	3925	0
2095	3926	0
2095	3927	0
2095	3928	0
2095	3929	0
2095	3930	0
2095	3931	0
2095	3932	0
2095	3933	0
2095	3934	0
2095	3936	0
2095	3937	0
2095	3938	0
2095	3939	0
2095	3940	0
2095	3941	0
2095	3942	0
2095	3943	0
2095	3944	0
2095	3945	0
2095	3946	0
2096	3891	0
2096	3892	0
2096	3893	0
2096	3894	0
2096	3895	0
2096	3896	0
2096	3898	0
2096	3901	0
2096	3902	0
2096	3903	0
2096	3904	0
2096	3909	0
2096	3910	0
2096	3911	0
2096	3912	0
2096	3913	0
2096	3914	0
2096	3915	0
2096	3916	0
2096	3917	0
2096	3919	0
2096	3921	0
2096	3922	0
2096	3923	0
2096	3924	0
2096	3925	0
2096	3926	0
2096	3927	0
2096	3928	0
2096	3929	0
2096	3930	0
2096	3931	0
2096	3932	0
2096	3933	0
2096	3934	0
2096	3936	0
2096	3937	0
2096	3938	0
2096	3939	0
2096	3940	0
2096	3941	0
2096	3942	0
2096	3943	0
2096	3944	0
2096	3945	0
2096	3946	0
2097	3891	0
2097	3892	0
2097	3893	0
2097	3894	0
2097	3895	0
2097	3896	0
2097	3897	0
2097	3898	0
2097	3902	0
2097	3903	0
2097	3904	0
2097	3909	0
2097	3910	0
2097	3911	0
2097	3912	0
2097	3913	0
2097	3914	0
2097	3915	0
2097	3919	0
2097	3922	0
2097	3923	0
2097	3924	0
2097	3925	0
2097	3926	0
2097	3928	0
2097	3929	0
2097	3930	0
2097	3931	0
2097	3932	0
2097	3933	0
2097	3935	0
2097	3936	0
2097	3937	0
2097	3938	0
2097	3939	0
2097	3940	0
2097	3941	0
2097	3943	0
2097	3944	0
2097	3945	0
2098	3892	0
2098	3893	0
2098	3894	0
2098	3895	0
2098	3897	0
2098	3898	0
2098	3901	0
2098	3902	0
2098	3903	0
2098	3910	0
2098	3912	0
2098	3913	0
2098	3914	0
2098	3915	0
2098	3917	0
2098	3918	0
2098	3919	0
2098	3922	0
2098	3923	0
2098	3924	0
2098	3925	0
2098	3926	0
2098	3927	0
2098	3928	0
2098	3929	0
2098	3930	0
2098	3931	0
2098	3932	0
2098	3933	0
2098	3935	0
2098	3936	0
2098	3937	0
2098	3938	0
2098	3939	0
2098	3940	0
2098	3941	0
2098	3944	0
2098	3945	0
2099	3892	0
2099	3893	0
2099	3894	0
2099	3895	0
2099	3896	0
2099	3900	0
2099	3901	0
2099	3902	0
2099	3903	0
2099	3904	0
2099	3906	0
2099	3908	0
2099	3910	0
2099	3911	0
2099	3912	0
2099	3913	0
2099	3914	0
2099	3915	0
2099	3916	0
2099	3917	0
2099	3918	0
2099	3919	0
2099	3922	0
2099	3923	0
2099	3924	0
2099	3925	0
2099	3926	0
2099	3927	0
2099	3928	0
2099	3929	0
2099	3930	0
2099	3931	0
2099	3932	0
2099	3934	0
2099	3935	0
2099	3936	0
2099	3937	0
2099	3938	0
2099	3939	0
2099	3940	0
2099	3941	0
2099	3943	0
2099	3944	0
2099	3945	0
2099	3946	0
2100	3889	0
2100	3890	0
2100	3893	0
2100	3894	0
2100	3895	0
2100	3901	0
2100	3902	0
2100	3903	0
2100	3904	0
2100	3905	0
2100	3906	0
2100	3907	0
2100	3908	0
2100	3909	0
2100	3910	0
2100	3911	0
2100	3912	0
2100	3913	0
2100	3914	0
2100	3915	0
2100	3916	0
2100	3917	0
2100	3918	0
2100	3919	0
2100	3923	0
2100	3924	0
2100	3925	0
2100	3926	0
2100	3927	0
2100	3928	0
2100	3929	0
2100	3930	0
2100	3931	0
2100	3932	0
2100	3934	0
2100	3935	0
2100	3936	0
2100	3938	0
2100	3939	0
2100	3940	0
2100	3941	0
2100	3944	0
2100	3945	0
2101	3889	0
2101	3890	0
2101	3891	0
2101	3893	0
2101	3894	0
2101	3895	0
2101	3901	0
2101	3902	0
2101	3903	0
2101	3906	0
2101	3910	0
2101	3912	0
2101	3913	0
2101	3914	0
2101	3915	0
2101	3916	0
2101	3917	0
2101	3918	0
2101	3919	0
2101	3923	0
2101	3924	0
2101	3925	0
2101	3926	0
2101	3927	0
2101	3928	0
2101	3929	0
2101	3930	0
2101	3931	0
2101	3932	0
2101	3934	0
2101	3935	0
2101	3938	0
2101	3939	0
2101	3940	0
2101	3941	0
2101	3942	0
2101	3943	0
2101	3944	0
2101	3945	0
2101	3946	0
2102	3889	0
2102	3890	0
2102	3891	0
2102	3894	0
2102	3895	0
2102	3896	0
2102	3900	0
2102	3901	0
2102	3902	0
2102	3913	0
2102	3914	0
2102	3915	0
2102	3916	0
2102	3917	0
2102	3918	0
2102	3919	0
2102	3922	0
2102	3923	0
2102	3924	0
2102	3925	0
2102	3926	0
2102	3927	0
2102	3928	0
2102	3929	0
2102	3930	0
2102	3931	0
2102	3933	0
2102	3934	0
2102	3938	0
2102	3939	0
2102	3940	0
2102	3941	0
2102	3942	0
2102	3944	0
2102	3945	0
2103	3889	0
2103	3890	0
2103	3891	0
2103	3892	0
2103	3894	0
2103	3895	0
2103	3896	0
2103	3897	0
2103	3898	0
2103	3899	0
2103	3900	0
2103	3901	0
2103	3902	0
2103	3903	0
2103	3904	0
2103	3911	0
2103	3912	0
2103	3913	0
2103	3914	0
2103	3915	0
2103	3917	0
2103	3918	0
2103	3919	0
2103	3922	0
2103	3923	0
2103	3924	0
2103	3925	0
2103	3927	0
2103	3928	0
2103	3929	0
2103	3930	0
2103	3932	0
2103	3933	0
2103	3934	0
2103	3938	0
2103	3939	0
2103	3940	0
2103	3941	0
2103	3942	0
2103	3943	0
2103	3944	0
2103	3945	0
2103	3946	0
2104	3889	0
2104	3890	0
2104	3891	0
2104	3892	0
2104	3895	0
2104	3896	0
2104	3897	0
2104	3898	0
2104	3899	0
2104	3900	0
2104	3901	0
2104	3902	0
2104	3903	0
2104	3904	0
2104	3911	0
2104	3912	0
2104	3913	0
2104	3914	0
2104	3915	0
2104	3917	0
2104	3918	0
2104	3919	0
2104	3922	0
2104	3923	0
2104	3924	0
2104	3925	0
2104	3926	0
2104	3928	0
2104	3929	0
2104	3930	0
2104	3932	0
2104	3933	0
2104	3938	0
2104	3939	0
2104	3940	0
2104	3941	0
2104	3942	0
2104	3944	0
2104	3945	0
2105	3889	0
2105	3890	0
2105	3891	0
2105	3892	0
2105	3893	0
2105	3895	0
2105	3896	0
2105	3897	0
2105	3898	0
2105	3899	0
2105	3900	0
2105	3901	0
2105	3902	0
2105	3903	0
2105	3904	0
2105	3911	0
2105	3912	0
2105	3913	0
2105	3914	0
2105	3915	0
2105	3916	0
2105	3917	0
2105	3919	0
2105	3921	0
2105	3922	0
2105	3923	0
2105	3924	0
2105	3925	0
2105	3926	0
2105	3927	0
2105	3928	0
2105	3929	0
2105	3931	0
2105	3932	0
2105	3933	0
2105	3937	0
2105	3938	0
2105	3939	0
2105	3940	0
2105	3941	0
2105	3942	0
2105	3943	0
2105	3944	0
2105	3945	0
2105	3946	0
2106	3888	0
2106	3889	0
2106	3890	0
2106	3891	0
2106	3892	0
2106	3893	0
2106	3896	0
2106	3897	0
2106	3898	0
2106	3899	0
2106	3900	0
2106	3901	0
2106	3902	0
2106	3903	0
2106	3904	0
2106	3911	0
2106	3912	0
2106	3913	0
2106	3914	0
2106	3915	0
2106	3916	0
2106	3917	0
2106	3918	0
2106	3919	0
2106	3920	0
2106	3921	0
2106	3922	0
2106	3923	0
2106	3924	0
2106	3925	0
2106	3926	0
2106	3928	0
2106	3930	0
2106	3931	0
2106	3932	0
2106	3937	0
2106	3938	0
2106	3939	0
2106	3940	0
2106	3941	0
2106	3942	0
2106	3944	0
2106	3945	0
2107	3883	0
2107	3884	0
2107	3885	0
2107	3886	0
2107	3887	0
2107	3888	0
2107	3889	0
2107	3890	0
2107	3891	0
2107	3892	0
2107	3893	0
2107	3894	0
2107	3897	0
2107	3898	0
2107	3899	0
2107	3900	0
2107	3901	0
2107	3902	0
2107	3913	0
2107	3914	0
2107	3915	0
2107	3916	0
2107	3917	0
2107	3918	0
2107	3919	0
2107	3920	0
2107	3921	0
2107	3922	0
2107	3923	0
2107	3924	0
2107	3925	0
2107	3927	0
2107	3928	0
2107	3930	0
2107	3931	0
2107	3936	0
2107	3937	0
2107	3938	0
2107	3939	0
2107	3940	0
2107	3941	0
2107	3942	0
2107	3943	0
2107	3944	0
2107	3945	0
2107	3946	0
2108	3883	0
2108	3884	0
2108	3885	0
2108	3886	0
2108	3887	0
2108	3888	0
2108	3889	0
2108	3890	0
2108	3891	0
2108	3892	0
2108	3893	0
2108	3894	0
2108	3895	0
2108	3898	0
2108	3899	0
2108	3900	0
2108	3901	0
2108	3902	0
2108	3903	0
2108	3908	0
2108	3910	0
2108	3912	0
2108	3913	0
2108	3915	0
2108	3917	0
2108	3918	0
2108	3919	0
2108	3920	0
2108	3921	0
2108	3922	0
2108	3923	0
2108	3924	0
2108	3925	0
2108	3926	0
2108	3929	0
2108	3930	0
2108	3935	0
2108	3936	0
2108	3937	0
2108	3938	0
2108	3939	0
2108	3942	0
2108	3943	0
2108	3944	0
2108	3945	0
2108	3946	0
2109	3883	0
2109	3884	0
2109	3885	0
2109	3886	0
2109	3887	0
2109	3888	0
2109	3889	0
2109	3890	0
2109	3891	0
2109	3892	0
2109	3893	0
2109	3894	0
2109	3895	0
2109	3896	0
2109	3900	0
2109	3901	0
2109	3902	0
2109	3903	0
2109	3904	0
2109	3905	0
2109	3906	0
2109	3907	0
2109	3908	0
2109	3909	0
2109	3910	0
2109	3911	0
2109	3912	0
2109	3913	0
2109	3915	0
2109	3917	0
2109	3918	0
2109	3919	0
2109	3920	0
2109	3921	0
2109	3922	0
2109	3923	0
2109	3924	0
2109	3925	0
2109	3926	0
2109	3928	0
2109	3929	0
2109	3930	0
2109	3934	0
2109	3935	0
2109	3936	0
2109	3937	0
2109	3938	0
2109	3939	0
2109	3941	0
2109	3942	0
2109	3943	0
2109	3944	0
2109	3945	0
2109	3946	0
2110	3883	0
2110	3884	0
2110	3885	0
2110	3886	0
2110	3887	0
2110	3888	0
2110	3889	0
2110	3890	0
2110	3891	0
2110	3892	0
2110	3893	0
2110	3894	0
2110	3895	0
2110	3896	0
2110	3897	0
2110	3898	0
2110	3902	0
2110	3906	0
2110	3907	0
2110	3908	0
2110	3909	0
2110	3910	0
2110	3911	0
2110	3915	0
2110	3919	0
2110	3920	0
2110	3921	0
2110	3922	0
2110	3923	0
2110	3924	0
2110	3925	0
2110	3927	0
2110	3928	0
2110	3929	0
2110	3933	0
2110	3934	0
2110	3935	0
2110	3936	0
2110	3937	0
2110	3938	0
2110	3939	0
2110	3940	0
2110	3941	0
2110	3942	0
2110	3943	0
2110	3944	0
2110	3945	0
2110	3946	0
2111	3883	0
2111	3884	0
2111	3885	0
2111	3886	0
2111	3887	0
2111	3888	0
2111	3889	0
2111	3890	0
2111	3891	0
2111	3892	0
2111	3893	0
2111	3894	0
2111	3895	0
2111	3896	0
2111	3897	0
2111	3898	0
2111	3899	0
2111	3900	0
2111	3904	0
2111	3905	0
2111	3912	0
2111	3913	0
2111	3914	0
2111	3915	0
2111	3916	0
2111	3918	0
2111	3926	0
2111	3927	0
2111	3928	0
2111	3929	0
2111	3932	0
2111	3933	0
2111	3934	0
2111	3935	0
2111	3936	0
2111	3937	0
2111	3938	0
2111	3939	0
2111	3940	0
2111	3941	0
2111	3942	0
2111	3943	0
2111	3944	0
2111	3945	0
2111	3946	0
2112	3883	0
2112	3884	0
2112	3885	0
2112	3886	0
2112	3887	0
2112	3888	0
2112	3889	0
2112	3890	0
2112	3891	0
2112	3892	0
2112	3893	0
2112	3894	0
2112	3895	0
2112	3896	0
2112	3897	0
2112	3898	0
2112	3899	0
2112	3900	0
2112	3901	0
2112	3902	0
2112	3903	0
2112	3904	0
2112	3905	0
2112	3906	0
2112	3907	0
2112	3908	0
2112	3909	0
2112	3910	0
2112	3911	0
2112	3912	0
2112	3913	0
2112	3914	0
2112	3915	0
2112	3916	0
2112	3917	0
2112	3918	0
2112	3919	0
2112	3920	0
2112	3921	0
2112	3922	0
2112	3923	0
2112	3924	0
2112	3925	0
2112	3926	0
2112	3927	0
2112	3928	0
2112	3929	0
2112	3930	0
2112	3931	0
2112	3932	0
2112	3933	0
2112	3934	0
2112	3935	0
2112	3936	0
2112	3937	0
2112	3938	0
2112	3939	0
2112	3940	0
2112	3941	0
2112	3942	0
2112	3943	0
2112	3944	0
2112	3945	0
2112	3946	0
2113	3883	0
2113	3884	0
2113	3885	0
2113	3886	0
2113	3887	0
2113	3888	0
2113	3889	0
2113	3890	0
2113	3891	0
2113	3892	0
2113	3893	0
2113	3894	0
2113	3895	0
2113	3896	0
2113	3897	0
2113	3898	0
2113	3899	0
2113	3900	0
2113	3901	0
2113	3913	0
2113	3914	0
2113	3915	0
2113	3916	0
2113	3917	0
2113	3918	0
2113	3919	0
2113	3920	0
2113	3921	0
2113	3922	0
2113	3923	0
2113	3924	0
2113	3925	0
2113	3926	0
2113	3927	0
2113	3928	0
2113	3929	0
2113	3930	0
2113	3931	0
2113	3932	0
2113	3933	0
2113	3934	0
2113	3935	0
2113	3936	0
2113	3937	0
2113	3938	0
2113	3941	0
2113	3942	0
2113	3943	0
2113	3944	0
2113	3945	0
2113	3946	0
2114	3883	0
2114	3884	0
2114	3885	0
2114	3886	0
2114	3887	0
2114	3888	0
2114	3889	0
2114	3890	0
2114	3891	0
2114	3892	0
2114	3893	0
2114	3894	0
2114	3895	0
2114	3896	0
2114	3897	0
2114	3898	0
2114	3899	0
2114	3900	0
2114	3901	0
2114	3903	0
2114	3904	0
2114	3905	0
2114	3906	0
2114	3907	0
2114	3908	0
2114	3909	0
2114	3910	0
2114	3911	0
2114	3912	0
2114	3913	0
2114	3914	0
2114	3915	0
2114	3916	0
2114	3917	0
2114	3918	0
2114	3919	0
2114	3920	0
2114	3921	0
2114	3922	0
2114	3923	0
2114	3924	0
2114	3925	0
2114	3926	0
2114	3927	0
2114	3928	0
2114	3929	0
2114	3930	0
2114	3931	0
2114	3932	0
2114	3933	0
2114	3934	0
2114	3935	0
2114	3936	0
2114	3937	0
2114	3938	0
2114	3943	0
2114	3944	0
2114	3945	0
2114	3946	0
2115	3883	0
2115	3884	0
2115	3885	0
2115	3886	0
2115	3887	0
2115	3888	0
2115	3889	0
2115	3890	0
2115	3891	0
2115	3892	0
2115	3893	0
2115	3894	0
2115	3895	0
2115	3896	0
2115	3897	0
2115	3898	0
2115	3899	0
2115	3900	0
2115	3901	0
2115	3903	0
2115	3904	0
2115	3905	0
2115	3906	0
2115	3907	0
2115	3908	0
2115	3909	0
2115	3910	0
2115	3911	0
2115	3912	0
2115	3913	0
2115	3914	0
2115	3915	0
2115	3916	0
2115	3918	0
2115	3919	0
2115	3920	0
2115	3921	0
2115	3922	0
2115	3923	0
2115	3924	0
2115	3925	0
2115	3926	0
2115	3927	0
2115	3928	0
2115	3929	0
2115	3930	0
2115	3931	0
2115	3932	0
2115	3933	0
2115	3934	0
2115	3935	0
2115	3936	0
2115	3937	0
2115	3938	0
2115	3943	0
2115	3944	0
2115	3945	0
2115	3946	0
2116	3883	0
2116	3884	0
2116	3885	0
2116	3886	0
2116	3887	0
2116	3888	0
2116	3894	0
2116	3895	0
2116	3896	0
2116	3897	0
2116	3898	0
2116	3899	0
2116	3900	0
2116	3901	0
2116	3902	0
2116	3903	0
2116	3904	0
2116	3913	0
2116	3914	0
2116	3915	0
2116	3916	0
2116	3917	0
2116	3918	0
2116	3919	0
2116	3920	0
2116	3921	0
2116	3922	0
2116	3923	0
2116	3924	0
2116	3925	0
2116	3926	0
2116	3927	0
2116	3928	0
2116	3929	0
2116	3930	0
2116	3931	0
2116	3932	0
2116	3933	0
2116	3934	0
2116	3935	0
2116	3936	0
2116	3937	0
2116	3938	0
2116	3939	0
2116	3940	0
2116	3942	0
2116	3943	0
2116	3944	0
2116	3945	0
2116	3946	0
2117	3883	0
2117	3884	0
2117	3885	0
2117	3886	0
2117	3887	0
2117	3888	0
2117	3894	0
2117	3895	0
2117	3896	0
2117	3897	0
2117	3898	0
2117	3899	0
2117	3900	0
2117	3901	0
2117	3902	0
2117	3903	0
2117	3904	0
2117	3905	0
2117	3906	0
2117	3907	0
2117	3908	0
2117	3909	0
2117	3910	0
2117	3911	0
2117	3912	0
2117	3913	0
2117	3914	0
2117	3915	0
2117	3916	0
2117	3917	0
2117	3918	0
2117	3919	0
2117	3920	0
2117	3921	0
2117	3922	0
2117	3923	0
2117	3924	0
2117	3925	0
2117	3926	0
2117	3927	0
2117	3928	0
2117	3929	0
2117	3930	0
2117	3932	0
2117	3933	0
2117	3934	0
2117	3935	0
2117	3936	0
2117	3937	0
2117	3938	0
2117	3939	0
2117	3940	0
2117	3942	0
2117	3945	0
2117	3946	0
2118	3883	0
2118	3884	0
2118	3885	0
2118	3886	0
2118	3887	0
2118	3888	0
2118	3895	0
2118	3896	0
2118	3897	0
2118	3898	0
2118	3899	0
2118	3900	0
2118	3901	0
2118	3902	0
2118	3903	0
2118	3904	0
2118	3905	0
2118	3906	0
2118	3907	0
2118	3908	0
2118	3909	0
2118	3910	0
2118	3911	0
2118	3912	0
2118	3913	0
2118	3914	0
2118	3915	0
2118	3916	0
2118	3917	0
2118	3918	0
2118	3919	0
2118	3920	0
2118	3921	0
2118	3922	0
2118	3923	0
2118	3924	0
2118	3925	0
2118	3926	0
2118	3927	0
2118	3928	0
2118	3929	0
2118	3930	0
2118	3932	0
2118	3933	0
2118	3934	0
2118	3935	0
2118	3936	0
2118	3937	0
2118	3938	0
2118	3939	0
2118	3940	0
2118	3942	0
2118	3945	0
2118	3946	0
2119	3883	0
2119	3884	0
2119	3885	0
2119	3886	0
2119	3887	0
2119	3913	0
2119	3914	0
2119	3915	0
2119	3916	0
2119	3917	0
2119	3918	0
2119	3919	0
2119	3920	0
2119	3921	0
2119	3922	0
2119	3923	0
2119	3924	0
2119	3925	0
2119	3926	0
2119	3927	0
2119	3928	0
2119	3929	0
2119	3930	0
2119	3932	0
2119	3933	0
2119	3934	0
2119	3935	0
2119	3936	0
2119	3937	0
2119	3938	0
2119	3939	0
2119	3940	0
2119	3945	0
2119	3946	0
2120	3883	0
2120	3884	0
2120	3885	0
2120	3886	0
2120	3916	0
2120	3917	0
2120	3918	0
2120	3919	0
2120	3920	0
2120	3921	0
2120	3922	0
2120	3923	0
2120	3924	0
2120	3925	0
2120	3926	0
2120	3927	0
2120	3928	0
2120	3929	0
2120	3930	0
2120	3933	0
2120	3934	0
2120	3935	0
2120	3936	0
2120	3937	0
2120	3938	0
2120	3939	0
2120	3940	0
2121	3883	0
2121	3884	0
2121	3917	0
2121	3918	0
2121	3919	0
2121	3920	0
2121	3921	0
2121	3922	0
2121	3923	0
2121	3924	0
2121	3925	0
2121	3926	0
2121	3927	0
2121	3928	0
2121	3929	0
2121	3930	0
2121	3933	0
2121	3934	0
2121	3935	0
2121	3936	0
2121	3937	0
2121	3938	0
2121	3939	0
2121	3940	0
2121	3941	0
2121	3942	0
2121	3943	0
2121	3944	0
2121	3945	0
2121	3946	0
2122	3883	0
2122	3919	0
2122	3920	0
2122	3921	0
2122	3922	0
2122	3923	0
2122	3924	0
2122	3925	0
2122	3926	0
2122	3927	0
2122	3928	0
2122	3929	0
2122	3930	0
2122	3931	0
2122	3933	0
2122	3934	0
2122	3935	0
2122	3936	0
2122	3937	0
2122	3938	0
2122	3939	0
2122	3940	0
2122	3941	0
2122	3942	0
2122	3943	0
2122	3944	0
2122	3945	0
2122	3946	0
2123	3883	0
2123	3920	0
2123	3921	0
2123	3922	0
2123	3923	0
2123	3924	0
2123	3925	0
2123	3926	0
2123	3927	0
2123	3928	0
2123	3929	0
2123	3930	0
2123	3931	0
2123	3932	0
2123	3933	0
2123	3934	0
2123	3935	0
2123	3936	0
2123	3937	0
2123	3938	0
2123	3939	0
2123	3940	0
2123	3941	0
2123	3942	0
2123	3943	0
2123	3944	0
2123	3945	0
2123	3946	0
2124	3921	0
2124	3922	0
2124	3923	0
2124	3924	0
2124	3925	0
2124	3926	0
2124	3927	0
2124	3928	0
2124	3929	0
2124	3930	0
2124	3931	0
2124	3932	0
2124	3933	0
2124	3934	0
2124	3935	0
2124	3936	0
2124	3937	0
2124	3938	0
2124	3939	0
2124	3940	0
2124	3941	0
2124	3942	0
2124	3943	0
2124	3944	0
2124	3945	0
2124	3946	0
2125	3923	0
2125	3924	0
2125	3925	0
2125	3926	0
2125	3927	0
2125	3928	0
2125	3929	0
2125	3930	0
2125	3931	0
2125	3932	0
2125	3933	0
2125	3934	0
2125	3935	0
2125	3936	0
2125	3937	0
2125	3938	0
2125	3939	0
2125	3940	0
2125	3941	0
2125	3942	0
2125	3943	0
2125	3944	0
2125	3945	0
2125	3946	0
2126	3924	0
2126	3925	0
2126	3926	0
2126	3927	0
2126	3928	0
2126	3929	0
2126	3930	0
2126	3931	0
2126	3932	0
2126	3933	0
2126	3934	0
2126	3935	0
2126	3936	0
2126	3939	0
2126	3940	0
2126	3941	0
2126	3942	0
2126	3943	0
2126	3944	0
2126	3945	0
2090	3854	0
2091	3854	0
2092	3854	0
2091	3947	0
2092	3947	0
2092	3948	0
2093	3947	0
2093	3948	0
2093	3949	0
2093	3950	0
2093	3951	0
2094	3947	0
2094	3948	0
2094	3949	0
2094	3950	0
2094	3951	0
2094	3952	0
2095	3947	0
2095	3948	0
2095	3949	0
2095	3950	0
2095	3951	0
2095	3952	0
2096	3947	0
2096	3948	0
2096	3949	0
2096	3950	0
2096	3951	0
2096	3952	0
2096	3953	0
2097	3951	0
2097	3952	0
2097	3953	0
2098	3951	0
2098	3952	0
2098	3953	0
2099	3951	0
2099	3952	0
2099	3953	0
2100	3951	0
2100	3952	0
2100	3953	0
2100	3954	0
2101	3951	0
2101	3952	0
2101	3953	0
2101	3954	0
2101	3955	0
2102	3951	0
2102	3952	0
2102	3953	0
2102	3954	0
2102	3955	0
2103	3951	0
2103	3952	0
2103	3953	0
2103	3954	0
2103	3955	0
2104	3951	0
2104	3952	0
2104	3953	0
2104	3954	0
2104	3955	0
2105	3951	0
2105	3952	0
2105	3953	0
2105	3954	0
2105	3955	0
2106	3951	0
2106	3952	0
2106	3953	0
2106	3954	0
2106	3955	0
2107	3951	0
2107	3952	0
2107	3953	0
2107	3954	0
2107	3955	0
2107	3956	0
2108	3953	0
2108	3954	0
2108	3955	0
2108	3956	0
2109	3953	0
2109	3954	0
2109	3955	0
2109	3956	0
2110	3953	0
2110	3954	0
2110	3955	0
2110	3956	0
2111	3953	0
2111	3954	0
2111	3955	0
2111	3956	0
2112	3954	0
2112	3955	0
2112	3956	0
2113	3954	0
2113	3955	0
2113	3956	0
2114	3954	0
2114	3955	0
2114	3956	0
2114	3957	0
2115	3954	0
2115	3955	0
2115	3956	0
2115	3957	0
2116	3954	0
2116	3955	0
2116	3956	0
2116	3957	0
2116	3958	0
2117	3954	0
2117	3955	0
2117	3956	0
2117	3957	0
2117	3958	0
2118	3954	0
2118	3955	0
2118	3956	0
2118	3957	0
2119	3954	0
2119	3955	0
2119	3956	0
2119	3957	0
2120	3954	0
2120	3955	0
2120	3956	0
2120	3957	0
2121	3947	0
2121	3948	0
2121	3949	0
2121	3950	0
2121	3951	0
2121	3952	0
2121	3953	0
2121	3954	0
2121	3955	0
2121	3956	0
2121	3957	0
2122	3947	0
2122	3948	0
2122	3949	0
2122	3950	0
2122	3951	0
2122	3952	0
2122	3953	0
2122	3954	0
2122	3955	0
2122	3956	0
2122	3957	0
2123	3947	0
2123	3948	0
2123	3949	0
2123	3950	0
2123	3951	0
2123	3952	0
2123	3953	0
2123	3954	0
2123	3955	0
2123	3956	0
2123	3957	0
2124	3947	0
2124	3948	0
2124	3949	0
2124	3950	0
2124	3951	0
2124	3952	0
2124	3953	0
2124	3954	0
2124	3955	0
2124	3956	0
2124	3957	0
2125	3947	0
2125	3950	0
2125	3951	0
2125	3952	0
2125	3953	0
2125	3954	0
2125	3955	0
2125	3956	0
2125	3957	0
2126	3952	0
2126	3953	0
2126	3954	0
2126	3955	0
2126	3956	0
2126	3957	0
2097	3849	0
2097	3850	0
2098	3848	0
2098	3849	0
2098	3850	0
2098	3851	0
2099	3848	0
2099	3849	0
2099	3850	0
2100	3848	0
2100	3849	0
2100	3850	0
2101	3847	0
2101	3848	0
2101	3849	0
2101	3850	0
2101	3851	0
2101	3852	0
2102	3847	0
2102	3848	0
2102	3849	0
2102	3850	0
2102	3851	0
2102	3852	0
2103	3846	0
2103	3847	0
2103	3848	0
2103	3849	0
2103	3850	0
2103	3851	0
2104	3846	0
2104	3847	0
2104	3848	0
2104	3849	0
2104	3850	0
2104	3851	0
2105	3846	0
2105	3847	0
2105	3848	0
2105	3849	0
2105	3850	0
2106	3846	0
2106	3847	0
2106	3848	0
2106	3849	0
2106	3880	0
2106	3881	0
2107	3845	0
2107	3846	0
2107	3847	0
2107	3848	0
2107	3849	0
2107	3880	0
2107	3881	0
2107	3882	0
2108	3845	0
2108	3846	0
2108	3847	0
2108	3848	0
2108	3849	0
2108	3879	0
2108	3880	0
2108	3881	0
2108	3882	0
2109	3845	0
2109	3846	0
2109	3847	0
2109	3848	0
2109	3849	0
2109	3850	0
2109	3851	0
2109	3879	0
2109	3882	0
2110	3844	0
2110	3845	0
2110	3846	0
2110	3847	0
2110	3848	0
2110	3849	0
2110	3850	0
2110	3851	0
2110	3852	0
2110	3853	0
2110	3854	0
2110	3878	0
2110	3879	0
2110	3882	0
2111	3844	0
2111	3845	0
2111	3846	0
2111	3847	0
2111	3848	0
2111	3849	0
2111	3850	0
2111	3851	0
2111	3852	0
2111	3853	0
2111	3854	0
2111	3878	0
2111	3879	0
2111	3880	0
2111	3881	0
2111	3882	0
2112	3845	0
2112	3846	0
2112	3847	0
2112	3848	0
2112	3849	0
2112	3850	0
2112	3851	0
2112	3852	0
2112	3853	0
2112	3854	0
2112	3878	0
2112	3879	0
2112	3880	0
2112	3881	0
2112	3882	0
2113	3845	0
2113	3846	0
2113	3847	0
2113	3848	0
2113	3849	0
2113	3850	0
2113	3851	0
2113	3852	0
2113	3853	0
2113	3854	0
2113	3876	0
2113	3877	0
2113	3878	0
2113	3879	0
2113	3880	0
2113	3881	0
2113	3882	0
2114	3845	0
2114	3846	0
2114	3847	0
2114	3848	0
2114	3849	0
2114	3850	0
2114	3851	0
2114	3852	0
2114	3853	0
2114	3854	0
2114	3876	0
2114	3877	0
2114	3878	0
2114	3879	0
2114	3880	0
2114	3881	0
2114	3882	0
2115	3844	0
2115	3845	0
2115	3846	0
2115	3847	0
2115	3848	0
2115	3849	0
2115	3850	0
2115	3851	0
2115	3852	0
2115	3853	0
2115	3854	0
2115	3876	0
2115	3877	0
2115	3878	0
2115	3879	0
2115	3880	0
2115	3881	0
2115	3882	0
2116	3844	0
2116	3845	0
2116	3846	0
2116	3847	0
2116	3848	0
2116	3849	0
2116	3850	0
2116	3851	0
2116	3852	0
2116	3853	0
2116	3854	0
2116	3874	0
2116	3875	0
2116	3876	0
2116	3877	0
2116	3878	0
2116	3879	0
2116	3880	0
2116	3881	0
2116	3882	0
2117	3844	0
2117	3845	0
2117	3846	0
2117	3847	0
2117	3848	0
2117	3849	0
2117	3850	0
2117	3851	0
2117	3852	0
2117	3853	0
2117	3854	0
2117	3872	0
2117	3873	0
2117	3874	0
2117	3875	0
2117	3876	0
2117	3877	0
2117	3878	0
2117	3879	0
2117	3880	0
2117	3881	0
2117	3882	0
2118	3844	0
2118	3845	0
2118	3846	0
2118	3847	0
2118	3848	0
2118	3849	0
2118	3850	0
2118	3851	0
2118	3852	0
2118	3853	0
2118	3854	0
2118	3871	0
2118	3872	0
2118	3873	0
2118	3874	0
2118	3875	0
2118	3876	0
2118	3877	0
2118	3878	0
2118	3879	0
2118	3882	0
2119	3844	0
2119	3845	0
2119	3846	0
2119	3849	0
2119	3850	0
2119	3851	0
2119	3852	0
2119	3853	0
2119	3854	0
2119	3870	0
2119	3871	0
2119	3872	0
2119	3873	0
2119	3874	0
2119	3875	0
2119	3876	0
2119	3877	0
2119	3878	0
2119	3879	0
2119	3882	0
2120	3844	0
2120	3845	0
2120	3846	0
2120	3849	0
2120	3850	0
2120	3851	0
2120	3852	0
2120	3853	0
2120	3854	0
2120	3869	0
2120	3870	0
2120	3871	0
2120	3872	0
2120	3873	0
2120	3874	0
2120	3875	0
2120	3876	0
2120	3877	0
2120	3878	0
2120	3879	0
2120	3880	0
2120	3881	0
2120	3882	0
2121	3845	0
2121	3846	0
2121	3847	0
2121	3848	0
2121	3849	0
2121	3850	0
2121	3851	0
2121	3852	0
2121	3853	0
2121	3854	0
2121	3855	0
2121	3856	0
2121	3857	0
2121	3858	0
2121	3859	0
2121	3860	0
2121	3861	0
2121	3862	0
2121	3863	0
2121	3864	0
2121	3869	0
2121	3870	0
2121	3871	0
2121	3872	0
2121	3873	0
2121	3874	0
2121	3875	0
2121	3876	0
2121	3877	0
2121	3878	0
2121	3879	0
2121	3882	0
2122	3846	0
2122	3847	0
2122	3848	0
2122	3849	0
2122	3850	0
2122	3851	0
2122	3852	0
2122	3853	0
2122	3854	0
2122	3855	0
2122	3856	0
2122	3857	0
2122	3858	0
2122	3859	0
2122	3860	0
2122	3861	0
2122	3862	0
2122	3863	0
2122	3868	0
2122	3869	0
2122	3870	0
2122	3871	0
2122	3872	0
2122	3873	0
2122	3874	0
2122	3875	0
2122	3876	0
2122	3877	0
2122	3878	0
2122	3879	0
2122	3882	0
2123	3846	0
2123	3847	0
2123	3848	0
2123	3849	0
2123	3850	0
2123	3851	0
2123	3852	0
2123	3853	0
2123	3854	0
2123	3855	0
2123	3856	0
2123	3857	0
2123	3858	0
2123	3859	0
2123	3860	0
2123	3861	0
2123	3862	0
2123	3863	0
2123	3867	0
2123	3868	0
2123	3869	0
2123	3870	0
2123	3871	0
2123	3872	0
2123	3873	0
2123	3874	0
2123	3875	0
2123	3876	0
2123	3877	0
2123	3878	0
2123	3879	0
2123	3880	0
2123	3881	0
2123	3882	0
2124	3847	0
2124	3848	0
2124	3849	0
2124	3850	0
2124	3851	0
2124	3852	0
2124	3853	0
2124	3854	0
2124	3855	0
2124	3856	0
2124	3857	0
2124	3858	0
2124	3859	0
2124	3860	0
2124	3861	0
2124	3862	0
2124	3867	0
2124	3868	0
2124	3869	0
2124	3870	0
2124	3871	0
2124	3872	0
2124	3873	0
2124	3874	0
2124	3875	0
2124	3876	0
2124	3877	0
2124	3878	0
2124	3879	0
2124	3880	0
2124	3881	0
2124	3882	0
2125	3848	0
2125	3849	0
2125	3850	0
2125	3851	0
2125	3852	0
2125	3853	0
2125	3854	0
2125	3855	0
2125	3856	0
2125	3857	0
2125	3858	0
2125	3859	0
2125	3860	0
2125	3861	0
2125	3866	0
2125	3867	0
2125	3868	0
2125	3869	0
2125	3870	0
2125	3871	0
2125	3872	0
2125	3873	0
2125	3874	0
2125	3875	0
2125	3876	0
2125	3877	0
2125	3878	0
2125	3879	0
2125	3880	0
2125	3881	0
2125	3882	0
2126	3850	0
2126	3855	0
2126	3856	0
2126	3857	0
2126	3858	0
2126	3859	0
2126	3860	0
2126	3867	0
2126	3868	0
2126	3869	0
2126	3870	0
2126	3871	0
2126	3872	0
2126	3873	0
2126	3874	0
2126	3875	0
2126	3876	0
2126	3877	0
2126	3878	0
2126	3879	0
2126	3880	0
2126	3881	0
2127	3856	0
2127	3857	0
2127	3858	0
2127	3867	0
2127	3868	0
2127	3869	0
2127	3870	0
2127	3871	0
2127	3872	0
2127	3873	0
2127	3874	0
2127	3875	0
2127	3876	0
2127	3877	0
2127	3878	0
2127	3879	0
2127	3880	0
2128	3856	0
2128	3857	0
2128	3862	0
2128	3863	0
2128	3867	0
2128	3868	0
2128	3869	0
2128	3870	0
2128	3871	0
2128	3872	0
2128	3873	0
2128	3874	0
2128	3875	0
2128	3876	0
2128	3877	0
2128	3878	0
2128	3879	0
2129	3846	0
2129	3847	0
2129	3848	0
2129	3856	0
2129	3857	0
2129	3861	0
2129	3862	0
2129	3863	0
2129	3867	0
2129	3868	0
2129	3869	0
2129	3870	0
2129	3873	0
2129	3874	0
2129	3875	0
2129	3876	0
2129	3877	0
2129	3878	0
2130	3846	0
2130	3847	0
2130	3848	0
2130	3849	0
2130	3850	0
2130	3851	0
2130	3852	0
2130	3853	0
2130	3854	0
2130	3855	0
2130	3856	0
2130	3857	0
2130	3858	0
2130	3859	0
2130	3860	0
2130	3861	0
2130	3862	0
2130	3867	0
2130	3868	0
2130	3869	0
2130	3870	0
2130	3873	0
2130	3874	0
2130	3875	0
2130	3876	0
2130	3877	0
2130	3878	0
2131	3847	0
2131	3848	0
2131	3849	0
2131	3850	0
2131	3851	0
2131	3852	0
2131	3853	0
2131	3854	0
2131	3855	0
2131	3856	0
2131	3857	0
2131	3858	0
2131	3859	0
2131	3860	0
2131	3861	0
2131	3862	0
2131	3866	0
2131	3867	0
2131	3868	0
2131	3869	0
2131	3870	0
2131	3871	0
2131	3872	0
2131	3873	0
2131	3874	0
2131	3875	0
2131	3876	0
2131	3877	0
2131	3878	0
2132	3847	0
2132	3848	0
2132	3849	0
2132	3850	0
2132	3851	0
2132	3852	0
2132	3853	0
2132	3854	0
2132	3855	0
2132	3856	0
2132	3857	0
2132	3858	0
2132	3859	0
2132	3862	0
2132	3866	0
2132	3867	0
2132	3868	0
2132	3869	0
2132	3870	0
2132	3871	0
2132	3872	0
2132	3873	0
2132	3874	0
2132	3875	0
2132	3876	0
2132	3877	0
2132	3878	0
2133	3847	0
2133	3848	0
2133	3849	0
2133	3850	0
2133	3851	0
2133	3852	0
2133	3853	0
2133	3854	0
2133	3855	0
2133	3856	0
2133	3857	0
2133	3858	0
2133	3859	0
2133	3862	0
2133	3865	0
2133	3866	0
2133	3867	0
2133	3868	0
2133	3869	0
2133	3870	0
2133	3871	0
2133	3872	0
2133	3873	0
2133	3874	0
2133	3875	0
2133	3876	0
2133	3877	0
2133	3878	0
2133	3879	0
2134	3848	0
2134	3849	0
2134	3850	0
2134	3851	0
2134	3852	0
2134	3853	0
2134	3854	0
2134	3855	0
2134	3856	0
2134	3857	0
2134	3858	0
2134	3859	0
2134	3860	0
2134	3861	0
2134	3862	0
2134	3863	0
2134	3864	0
2134	3865	0
2134	3866	0
2134	3867	0
2134	3868	0
2134	3869	0
2134	3870	0
2134	3871	0
2134	3872	0
2134	3873	0
2134	3874	0
2134	3875	0
2134	3876	0
2134	3877	0
2134	3878	0
2134	3879	0
2135	3848	0
2135	3849	0
2135	3850	0
2135	3851	0
2135	3852	0
2135	3853	0
2135	3854	0
2135	3855	0
2135	3856	0
2135	3857	0
2135	3860	0
2135	3861	0
2135	3862	0
2135	3863	0
2135	3864	0
2135	3865	0
2135	3866	0
2135	3867	0
2135	3868	0
2135	3869	0
2135	3870	0
2135	3871	0
2135	3872	0
2135	3873	0
2135	3874	0
2135	3875	0
2135	3876	0
2135	3877	0
2135	3878	0
2136	3848	0
2136	3849	0
2136	3850	0
2136	3851	0
2136	3852	0
2136	3853	0
2136	3854	0
2136	3855	0
2136	3856	0
2136	3857	0
2136	3860	0
2136	3861	0
2136	3862	0
2136	3866	0
2136	3867	0
2136	3868	0
2136	3869	0
2136	3870	0
2136	3871	0
2136	3872	0
2136	3873	0
2136	3874	0
2136	3875	0
2136	3876	0
2136	3877	0
2137	3848	0
2137	3849	0
2137	3850	0
2137	3851	0
2137	3852	0
2137	3853	0
2137	3854	0
2137	3855	0
2137	3856	0
2137	3857	0
2137	3858	0
2137	3859	0
2137	3860	0
2137	3861	0
2137	3862	0
2137	3867	0
2137	3868	0
2137	3869	0
2137	3870	0
2137	3871	0
2137	3872	0
2137	3873	0
2137	3874	0
2137	3875	0
2137	3876	0
2138	3847	0
2138	3848	0
2138	3849	0
2138	3850	0
2138	3851	0
2138	3852	0
2138	3853	0
2138	3854	0
2138	3855	0
2138	3857	0
2138	3858	0
2138	3859	0
2138	3860	0
2138	3861	0
2138	3862	0
2138	3868	0
2138	3869	0
2138	3870	0
2138	3871	0
2138	3872	0
2138	3873	0
2138	3874	0
2139	3848	0
2139	3851	0
2139	3852	0
2139	3853	0
2139	3854	0
2139	3855	0
2139	3856	0
2139	3857	0
2139	3858	0
2139	3859	0
2139	3860	0
2139	3861	0
2139	3862	0
2139	3863	0
2139	3869	0
2139	3870	0
2139	3871	0
2139	3872	0
2140	3848	0
2140	3851	0
2140	3854	0
2140	3855	0
2140	3856	0
2140	3857	0
2140	3858	0
2140	3859	0
2140	3860	0
2140	3861	0
2140	3862	0
2140	3863	0
2140	3864	0
2140	3865	0
2140	3870	0
2140	3871	0
2141	3848	0
2141	3849	0
2141	3850	0
2141	3851	0
2141	3852	0
2141	3855	0
2141	3856	0
2141	3857	0
2141	3858	0
2141	3859	0
2141	3860	0
2141	3863	0
2141	3864	0
2141	3865	0
2141	3866	0
2142	3848	0
2142	3849	0
2142	3850	0
2142	3851	0
2142	3852	0
2142	3854	0
2142	3855	0
2142	3856	0
2142	3857	0
2142	3858	0
2142	3859	0
2142	3860	0
2142	3863	0
2142	3864	0
2142	3865	0
2142	3866	0
2143	3849	0
2143	3850	0
2143	3851	0
2143	3852	0
2143	3853	0
2143	3854	0
2143	3855	0
2143	3856	0
2143	3857	0
2143	3858	0
2143	3859	0
2143	3860	0
2143	3861	0
2143	3862	0
2143	3863	0
2143	3864	0
2143	3865	0
2143	3866	0
2143	3867	0
2143	3868	0
2144	3849	0
2144	3850	0
2144	3851	0
2144	3852	0
2144	3853	0
2144	3854	0
2144	3855	0
2144	3856	0
2144	3857	0
2144	3858	0
2144	3859	0
2144	3860	0
2144	3861	0
2144	3862	0
2144	3863	0
2144	3864	0
2144	3865	0
2144	3866	0
2144	3867	0
2144	3868	0
2144	3869	0
2144	3870	0
2145	3849	0
2145	3850	0
2145	3851	0
2145	3852	0
2145	3853	0
2145	3854	0
2145	3855	0
2145	3856	0
2145	3857	0
2145	3858	0
2145	3859	0
2145	3860	0
2145	3861	0
2145	3862	0
2145	3863	0
2145	3864	0
2145	3865	0
2145	3866	0
2145	3867	0
2145	3868	0
2145	3869	0
2145	3870	0
2145	3871	0
2146	3849	0
2146	3850	0
2146	3851	0
2146	3852	0
2146	3853	0
2146	3854	0
2146	3855	0
2146	3856	0
2146	3857	0
2146	3858	0
2146	3859	0
2146	3860	0
2146	3861	0
2146	3862	0
2146	3863	0
2146	3864	0
2146	3865	0
2146	3866	0
2146	3867	0
2146	3868	0
2146	3869	0
2146	3870	0
2146	3871	0
2147	3848	0
2147	3849	0
2147	3850	0
2147	3851	0
2147	3852	0
2147	3855	0
2147	3856	0
2147	3857	0
2147	3858	0
2147	3861	0
2147	3862	0
2147	3863	0
2147	3864	0
2147	3865	0
2147	3866	0
2147	3867	0
2147	3868	0
2147	3869	0
2147	3870	0
2147	3871	0
2147	3872	0
2148	3849	0
2148	3850	0
2148	3851	0
2148	3852	0
2148	3855	0
2148	3856	0
2148	3857	0
2148	3858	0
2148	3863	0
2148	3864	0
2148	3865	0
2148	3866	0
2148	3867	0
2148	3868	0
2148	3869	0
2148	3870	0
2148	3871	0
2149	3851	0
2149	3852	0
2149	3853	0
2149	3854	0
2149	3855	0
2149	3856	0
2149	3857	0
2149	3858	0
2149	3859	0
2149	3860	0
2149	3863	0
2149	3864	0
2149	3865	0
2149	3866	0
2149	3867	0
2149	3868	0
2149	3869	0
2149	3870	0
2149	3871	0
2150	3851	0
2150	3852	0
2150	3853	0
2150	3854	0
2150	3855	0
2150	3856	0
2150	3857	0
2150	3858	0
2150	3859	0
2150	3860	0
2150	3861	0
2150	3862	0
2150	3863	0
2150	3864	0
2150	3865	0
2150	3866	0
2150	3867	0
2150	3868	0
2150	3869	0
2150	3870	0
2150	3871	0
2151	3852	0
2151	3853	0
2151	3854	0
2151	3855	0
2151	3856	0
2151	3857	0
2151	3858	0
2151	3859	0
2151	3860	0
2151	3861	0
2151	3862	0
2151	3863	0
2151	3864	0
2151	3865	0
2151	3866	0
2151	3867	0
2151	3868	0
2151	3869	0
2151	3870	0
2151	3871	0
2151	3872	0
2152	3853	0
2152	3854	0
2152	3855	0
2152	3856	0
2152	3857	0
2152	3858	0
2152	3859	0
2152	3860	0
2152	3861	0
2152	3862	0
2152	3863	0
2152	3864	0
2152	3865	0
2152	3866	0
2152	3867	0
2152	3868	0
2152	3869	0
2152	3870	0
2152	3871	0
2152	3872	0
2153	3853	0
2153	3854	0
2153	3855	0
2153	3856	0
2153	3857	0
2153	3858	0
2153	3859	0
2153	3860	0
2153	3861	0
2153	3862	0
2153	3863	0
2153	3864	0
2153	3865	0
2153	3866	0
2153	3867	0
2153	3868	0
2153	3869	0
2153	3870	0
2153	3871	0
2153	3872	0
2153	3873	0
2154	3853	0
2154	3854	0
2154	3855	0
2154	3856	0
2154	3857	0
2154	3858	0
2154	3859	0
2154	3860	0
2154	3861	0
2154	3862	0
2154	3864	0
2154	3866	0
2154	3867	0
2154	3868	0
2154	3869	0
2154	3870	0
2154	3871	0
2154	3872	0
2155	3854	0
2155	3855	0
2155	3856	0
2155	3857	0
2155	3858	0
2155	3859	0
2155	3860	0
2155	3862	0
2155	3863	0
2155	3864	0
2155	3865	0
2155	3866	0
2155	3868	0
2155	3869	0
2155	3870	0
2155	3871	0
2155	3872	0
2156	3855	0
2156	3856	0
2156	3857	0
2156	3858	0
2156	3859	0
2156	3860	0
2156	3861	0
2156	3862	0
2156	3863	0
2156	3864	0
2156	3865	0
2156	3866	0
2156	3867	0
2156	3868	0
2156	3869	0
2156	3870	0
2156	3871	0
2157	3855	0
2157	3856	0
2157	3857	0
2157	3858	0
2157	3859	0
2157	3861	0
2157	3862	0
2157	3866	0
2157	3867	0
2157	3869	0
2157	3870	0
2157	3871	0
2158	3856	0
2158	3857	0
2158	3858	0
2158	3859	0
2158	3860	0
2158	3861	0
2158	3862	0
2158	3866	0
2158	3867	0
2158	3868	0
2158	3869	0
2158	3870	0
2158	3871	0
2159	3857	0
2159	3858	0
2159	3859	0
2159	3861	0
2159	3862	0
2159	3866	0
2159	3867	0
2159	3869	0
2159	3870	0
2159	3871	0
2160	3857	0
2160	3858	0
2160	3859	0
2160	3860	0
2160	3861	0
2160	3862	0
2160	3863	0
2160	3864	0
2160	3865	0
2160	3866	0
2160	3867	0
2160	3868	0
2160	3869	0
2160	3870	0
2098	3947	0
2098	3948	0
2099	3947	0
2099	3948	0
2099	3949	0
2099	3950	0
2100	3947	0
2100	3948	0
2100	3950	0
2101	3947	0
2101	3948	0
2101	3949	0
2101	3950	0
2102	3947	0
2102	3948	0
2102	3950	0
2103	3947	0
2103	3948	0
2103	3949	0
2104	3947	0
2104	3948	0
2105	3947	0
2105	3948	0
2105	3949	0
2105	3950	0
2106	3947	0
2106	3948	0
2106	3950	0
2107	3947	0
2107	3948	0
2107	3949	0
2107	3950	0
2108	3947	0
2108	3948	0
2108	3949	0
2108	3950	0
2108	3951	0
2108	3952	0
2109	3947	0
2109	3948	0
2109	3949	0
2109	3950	0
2109	3951	0
2109	3952	0
2110	3947	0
2110	3948	0
2110	3949	0
2110	3950	0
2111	3947	0
2111	3948	0
2111	3949	0
2111	3950	0
2111	3951	0
2112	3947	0
2112	3948	0
2112	3949	0
2112	3950	0
2113	3947	0
2113	3948	0
2113	3949	0
2113	3950	0
2114	3947	0
2114	3948	0
2114	3949	0
2114	3950	0
2115	3947	0
2115	3948	0
2115	3949	0
2115	3950	0
2116	3947	0
2116	3948	0
2116	3949	0
2116	3950	0
2116	3951	0
2116	3952	0
2117	3947	0
2117	3948	0
2117	3949	0
2117	3950	0
2117	3951	0
2117	3952	0
2118	3947	0
2118	3948	0
2118	3949	0
2118	3950	0
2118	3951	0
2118	3952	0
2119	3951	0
2127	3925	0
2127	3926	0
2127	3927	0
2127	3928	0
2127	3929	0
2127	3930	0
2127	3931	0
2127	3932	0
2127	3933	0
2127	3934	0
2127	3935	0
2127	3936	0
2127	3937	0
2127	3941	0
2127	3942	0
2127	3943	0
2127	3950	0
2127	3951	0
2128	3925	0
2128	3926	0
2128	3927	0
2128	3928	0
2128	3929	0
2128	3933	0
2128	3934	0
2128	3935	0
2128	3936	0
2128	3937	0
2128	3941	0
2128	3942	0
2128	3943	0
2128	3949	0
2128	3950	0
2128	3951	0
2128	3952	0
2129	3926	0
2129	3927	0
2129	3928	0
2129	3929	0
2129	3930	0
2129	3931	0
2129	3932	0
2129	3933	0
2129	3934	0
2129	3937	0
2129	3938	0
2129	3941	0
2129	3942	0
2129	3943	0
2129	3947	0
2129	3948	0
2129	3949	0
2129	3950	0
2129	3951	0
2129	3952	0
2130	3928	0
2130	3929	0
2130	3930	0
2130	3931	0
2130	3932	0
2130	3933	0
2130	3934	0
2130	3937	0
2130	3938	0
2130	3941	0
2130	3942	0
2130	3943	0
2130	3944	0
2130	3945	0
2130	3946	0
2130	3947	0
2130	3948	0
2130	3949	0
2130	3950	0
2130	3951	0
2130	3952	0
2131	3929	0
2131	3930	0
2131	3931	0
2131	3932	0
2131	3933	0
2131	3934	0
2131	3935	0
2131	3936	0
2131	3937	0
2131	3938	0
2131	3939	0
2131	3940	0
2131	3941	0
2131	3942	0
2131	3943	0
2131	3944	0
2131	3945	0
2131	3946	0
2131	3947	0
2131	3948	0
2131	3949	0
2131	3950	0
2131	3951	0
2131	3952	0
2132	3929	0
2132	3930	0
2132	3931	0
2132	3932	0
2132	3933	0
2132	3934	0
2132	3935	0
2132	3936	0
2132	3937	0
2132	3938	0
2132	3939	0
2132	3941	0
2132	3942	0
2132	3943	0
2132	3944	0
2132	3946	0
2132	3947	0
2132	3948	0
2132	3949	0
2132	3950	0
2132	3951	0
2132	3952	0
2133	3929	0
2133	3930	0
2133	3931	0
2133	3932	0
2133	3933	0
2133	3934	0
2133	3935	0
2133	3936	0
2133	3937	0
2133	3938	0
2133	3940	0
2133	3941	0
2133	3942	0
2133	3943	0
2133	3944	0
2133	3945	0
2133	3947	0
2133	3948	0
2133	3949	0
2133	3950	0
2133	3951	0
2133	3952	0
2134	3929	0
2134	3930	0
2134	3931	0
2134	3932	0
2134	3933	0
2134	3934	0
2134	3935	0
2134	3936	0
2134	3937	0
2134	3938	0
2134	3939	0
2134	3940	0
2134	3941	0
2134	3942	0
2134	3943	0
2134	3944	0
2134	3945	0
2134	3946	0
2134	3947	0
2134	3948	0
2134	3949	0
2134	3950	0
2134	3951	0
2134	3952	0
2135	3929	0
2135	3930	0
2135	3931	0
2135	3934	0
2135	3935	0
2135	3936	0
2135	3937	0
2135	3940	0
2135	3941	0
2135	3942	0
2135	3945	0
2135	3946	0
2135	3947	0
2135	3948	0
2135	3949	0
2135	3950	0
2135	3951	0
2135	3952	0
2136	3929	0
2136	3930	0
2136	3931	0
2136	3934	0
2136	3935	0
2136	3936	0
2136	3937	0
2136	3940	0
2136	3941	0
2136	3942	0
2136	3945	0
2136	3946	0
2136	3947	0
2136	3948	0
2136	3949	0
2136	3950	0
2136	3951	0
2136	3952	0
2137	3929	0
2137	3930	0
2137	3931	0
2137	3934	0
2137	3935	0
2137	3936	0
2137	3937	0
2137	3938	0
2137	3939	0
2137	3940	0
2137	3941	0
2137	3942	0
2137	3943	0
2137	3944	0
2137	3946	0
2137	3947	0
2137	3948	0
2137	3949	0
2137	3950	0
2137	3951	0
2137	3952	0
2138	3929	0
2138	3930	0
2138	3931	0
2138	3934	0
2138	3935	0
2138	3936	0
2138	3937	0
2138	3938	0
2138	3939	0
2138	3940	0
2138	3941	0
2138	3943	0
2138	3944	0
2138	3945	0
2138	3946	0
2138	3947	0
2138	3948	0
2138	3949	0
2138	3950	0
2138	3951	0
2139	3929	0
2139	3930	0
2139	3931	0
2139	3935	0
2139	3936	0
2139	3937	0
2139	3938	0
2139	3939	0
2139	3940	0
2139	3941	0
2139	3944	0
2139	3945	0
2139	3946	0
2139	3947	0
2139	3948	0
2139	3949	0
2139	3950	0
2139	3951	0
2140	3930	0
2140	3931	0
2140	3932	0
2140	3935	0
2140	3936	0
2140	3937	0
2140	3938	0
2140	3939	0
2140	3940	0
2140	3941	0
2140	3943	0
2140	3944	0
2140	3945	0
2140	3946	0
2140	3947	0
2140	3948	0
2140	3949	0
2140	3950	0
2140	3951	0
2141	3930	0
2141	3931	0
2141	3932	0
2141	3933	0
2141	3936	0
2141	3937	0
2141	3938	0
2141	3939	0
2141	3940	0
2141	3941	0
2141	3942	0
2141	3943	0
2141	3944	0
2141	3946	0
2141	3947	0
2141	3948	0
2141	3949	0
2141	3950	0
2141	3951	0
2142	3931	0
2142	3932	0
2142	3933	0
2142	3934	0
2142	3936	0
2142	3937	0
2142	3938	0
2142	3939	0
2142	3940	0
2142	3941	0
2142	3942	0
2142	3943	0
2142	3945	0
2142	3946	0
2142	3947	0
2142	3948	0
2142	3949	0
2142	3950	0
2142	3951	0
2143	3931	0
2143	3932	0
2143	3933	0
2143	3934	0
2143	3937	0
2143	3938	0
2143	3939	0
2143	3940	0
2143	3941	0
2143	3942	0
2143	3943	0
2143	3944	0
2143	3946	0
2143	3947	0
2143	3948	0
2143	3949	0
2143	3950	0
2143	3951	0
2144	3932	0
2144	3933	0
2144	3934	0
2144	3935	0
2144	3938	0
2144	3939	0
2144	3940	0
2144	3941	0
2144	3942	0
2144	3943	0
2144	3944	0
2144	3945	0
2144	3946	0
2144	3947	0
2144	3948	0
2144	3949	0
2144	3950	0
2144	3951	0
2145	3933	0
2145	3934	0
2145	3935	0
2145	3939	0
2145	3940	0
2145	3941	0
2145	3944	0
2145	3945	0
2145	3946	0
2145	3947	0
2145	3948	0
2145	3949	0
2145	3950	0
2145	3951	0
2146	3934	0
2146	3935	0
2146	3939	0
2146	3940	0
2146	3941	0
2146	3944	0
2146	3945	0
2146	3946	0
2146	3947	0
2146	3948	0
2146	3949	0
2146	3950	0
2146	3951	0
2147	3934	0
2147	3935	0
2147	3936	0
2147	3939	0
2147	3940	0
2147	3941	0
2147	3942	0
2147	3943	0
2147	3944	0
2147	3945	0
2147	3946	0
2147	3947	0
2147	3948	0
2147	3949	0
2147	3950	0
2147	3951	0
2148	3934	0
2148	3935	0
2148	3936	0
2148	3939	0
2148	3940	0
2148	3941	0
2148	3942	0
2148	3943	0
2148	3944	0
2148	3945	0
2148	3946	0
2148	3947	0
2148	3948	0
2148	3949	0
2148	3950	0
2148	3951	0
2149	3934	0
2149	3935	0
2149	3936	0
2149	3939	0
2149	3940	0
2149	3941	0
2149	3942	0
2149	3943	0
2149	3944	0
2149	3945	0
2149	3946	0
2149	3947	0
2149	3948	0
2149	3949	0
2149	3950	0
2149	3951	0
2150	3934	0
2150	3935	0
2150	3936	0
2150	3939	0
2150	3940	0
2150	3941	0
2150	3942	0
2150	3943	0
2150	3944	0
2150	3945	0
2150	3946	0
2150	3947	0
2150	3948	0
2150	3949	0
2150	3950	0
2151	3933	0
2151	3934	0
2151	3935	0
2151	3939	0
2151	3940	0
2151	3941	0
2151	3942	0
2151	3943	0
2151	3944	0
2151	3945	0
2151	3946	0
2151	3947	0
2151	3948	0
2151	3949	0
2151	3950	0
2152	3932	0
2152	3933	0
2152	3934	0
2152	3939	0
2152	3940	0
2152	3941	0
2152	3942	0
2152	3943	0
2152	3944	0
2152	3945	0
2152	3946	0
2152	3947	0
2152	3948	0
2152	3949	0
2153	3931	0
2153	3932	0
2153	3933	0
2153	3939	0
2153	3940	0
2153	3941	0
2153	3943	0
2153	3944	0
2153	3945	0
2153	3946	0
2153	3947	0
2153	3948	0
2153	3949	0
2154	3931	0
2154	3932	0
2154	3939	0
2154	3940	0
2154	3941	0
2154	3944	0
2154	3945	0
2154	3946	0
2154	3947	0
2154	3948	0
2155	3930	0
2155	3931	0
2155	3932	0
2155	3939	0
2155	3940	0
2155	3943	0
2155	3944	0
2155	3945	0
2155	3946	0
2155	3947	0
2155	3948	0
2156	3930	0
2156	3931	0
2156	3932	0
2156	3939	0
2156	3940	0
2156	3943	0
2156	3944	0
2156	3945	0
2156	3946	0
2156	3947	0
2157	3930	0
2157	3931	0
2157	3932	0
2157	3939	0
2157	3940	0
2157	3941	0
2157	3942	0
2157	3943	0
2157	3944	0
2157	3945	0
2157	3946	0
2158	3931	0
2158	3932	0
2158	3938	0
2158	3940	0
2158	3941	0
2158	3942	0
2158	3943	0
2158	3944	0
2158	3945	0
2159	3931	0
2159	3932	0
2159	3937	0
2159	3938	0
2159	3939	0
2159	3940	0
2159	3941	0
2159	3942	0
2159	3943	0
2159	3944	0
2160	3931	0
2160	3932	0
2160	3933	0
2160	3934	0
2160	3935	0
2160	3936	0
2160	3937	0
2160	3938	0
2160	3939	0
2160	3940	0
2160	3941	0
2160	3942	0
2160	3943	0
2161	3931	0
2161	3932	0
2161	3933	0
2161	3934	0
2161	3935	0
2161	3936	0
2161	3937	0
2161	3938	0
2161	3939	0
2161	3940	0
2161	3941	0
2161	3942	0
2162	3932	0
2162	3933	0
2162	3934	0
2162	3935	0
2162	3936	0
2162	3937	0
2162	3938	0
2162	3939	0
2162	3940	0
2162	3941	0
2163	3933	0
2163	3934	0
2163	3935	0
2163	3936	0
2163	3937	0
2163	3938	0
2163	3939	0
2164	3935	0
2164	3936	0
2164	3937	0
2164	3938	0
2161	3857	0
2161	3858	0
2161	3859	0
2161	3860	0
2161	3862	0
2161	3863	0
2161	3864	0
2161	3865	0
2161	3866	0
2161	3868	0
2161	3869	0
2161	3870	0
2162	3858	0
2162	3859	0
2162	3860	0
2162	3861	0
2162	3862	0
2162	3864	0
2162	3866	0
2162	3867	0
2162	3868	0
2162	3869	0
2163	3859	0
2163	3860	0
2163	3861	0
2163	3862	0
2163	3863	0
2163	3864	0
2163	3865	0
2163	3866	0
2163	3867	0
2163	3868	0
2163	3869	0
2164	3860	0
2164	3861	0
2164	3862	0
2164	3863	0
2164	3864	0
2164	3865	0
2164	3866	0
2164	3867	0
2164	3868	0
2164	3869	0
2164	3870	0
2164	3871	0
2165	3862	0
2165	3863	0
2165	3866	0
2165	3867	0
2165	3870	0
2166	3863	0
2166	3866	0
2166	3867	0
2167	3865	0
2167	3866	0
2167	3867	0
2167	3868	0
